-114,2,b2hwj8+AMk3JJMIWG0d76etvOv0=,dIIHt8e6G8V+35dSzEDLaiZ2hJ4=
-113,15,wh6KjkCF9IqjK1zI1PNYxMu4mYU=,dIIHt8e6G8V+35dSzEDLaiZ2hJ4=
-115,2,wh6KjkCF9IqjK1zI1PNYxMu4mYU=,dIIHt8e6G8V+35dSzEDLaiZ2hJ4=
-125,0,wh6KjkCF9IqjK1zI1PNYxMu4mYU=,dIIHt8e6G8V+35dSzEDLaiZ2hJ4=
-114,15,b2hwj8+AMk3JJMIWG0d76etvOv0=,dIIHt8e6G8V+35dSzEDLaiZ2hJ4=
-115,15,b2hwj8+AMk3JJMIWG0d76etvOv0=,dIIHt8e6G8V+35dSzEDLaiZ2hJ4=
-116,15,b2hwj8+AMk3JJMIWG0d76etvOv0=,dIIHt8e6G8V+35dSzEDLaiZ2hJ4=
-117,15,b2hwj8+AMk3JJMIWG0d76etvOv0=,dIIHt8e6G8V+35dSzEDLaiZ2hJ4=
-118,15,b2hwj8+AMk3JJMIWG0d76etvOv0=,dIIHt8e6G8V+35dSzEDLaiZ2hJ4=
-113,1,wh6KjkCF9IqjK1zI1PNYxMu4mYU=,dIIHt8e6G8V+35dSzEDLaiZ2hJ4=
-115,1,b2hwj8+AMk3JJMIWG0d76etvOv0=,dIIHt8e6G8V+35dSzEDLaiZ2hJ4=
-114,1,b2hwj8+AMk3JJMIWG0d76etvOv0=,dIIHt8e6G8V+35dSzEDLaiZ2hJ4=
-119,15,b2hwj8+AMk3JJMIWG0d76etvOv0=,dIIHt8e6G8V+35dSzEDLaiZ2hJ4=
-116,1,b2hwj8+AMk3JJMIWG0d76etvOv0=,dIIHt8e6G8V+35dSzEDLaiZ2hJ4=
-117,1,b2hwj8+AMk3JJMIWG0d76etvOv0=,dIIHt8e6G8V+35dSzEDLaiZ2hJ4=
-118,1,b2hwj8+AMk3JJMIWG0d76etvOv0=,dIIHt8e6G8V+35dSzEDLaiZ2hJ4=
-119,1,b2hwj8+AMk3JJMIWG0d76etvOv0=,dIIHt8e6G8V+35dSzEDLaiZ2hJ4=
-120,1,b2hwj8+AMk3JJMIWG0d76etvOv0=,dIIHt8e6G8V+35dSzEDLaiZ2hJ4=
-120,15,b2hwj8+AMk3JJMIWG0d76etvOv0=,dIIHt8e6G8V+35dSzEDLaiZ2hJ4=
-121,1,b2hwj8+AMk3JJMIWG0d76etvOv0=,dIIHt8e6G8V+35dSzEDLaiZ2hJ4=
-121,15,b2hwj8+AMk3JJMIWG0d76etvOv0=,dIIHt8e6G8V+35dSzEDLaiZ2hJ4=
-122,15,b2hwj8+AMk3JJMIWG0d76etvOv0=,dIIHt8e6G8V+35dSzEDLaiZ2hJ4=
-122,1,b2hwj8+AMk3JJMIWG0d76etvOv0=,dIIHt8e6G8V+35dSzEDLaiZ2hJ4=
-123,15,b2hwj8+AMk3JJMIWG0d76etvOv0=,dIIHt8e6G8V+35dSzEDLaiZ2hJ4=
-124,15,b2hwj8+AMk3JJMIWG0d76etvOv0=,dIIHt8e6G8V+35dSzEDLaiZ2hJ4=
-125,15,b2hwj8+AMk3JJMIWG0d76etvOv0=,dIIHt8e6G8V+35dSzEDLaiZ2hJ4=
-126,15,b2hwj8+AMk3JJMIWG0d76etvOv0=,dIIHt8e6G8V+35dSzEDLaiZ2hJ4=
-127,15,b2hwj8+AMk3JJMIWG0d76etvOv0=,dIIHt8e6G8V+35dSzEDLaiZ2hJ4=
-127,1,b2hwj8+AMk3JJMIWG0d76etvOv0=,dIIHt8e6G8V+35dSzEDLaiZ2hJ4=
-123,1,b2hwj8+AMk3JJMIWG0d76etvOv0=,dIIHt8e6G8V+35dSzEDLaiZ2hJ4=
-124,1,b2hwj8+AMk3JJMIWG0d76etvOv0=,dIIHt8e6G8V+35dSzEDLaiZ2hJ4=
-128,15,b2hwj8+AMk3JJMIWG0d76etvOv0=,dIIHt8e6G8V+35dSzEDLaiZ2hJ4=
-125,1,b2hwj8+AMk3JJMIWG0d76etvOv0=,dIIHt8e6G8V+35dSzEDLaiZ2hJ4=
-113,14,b2hwj8+AMk3JJMIWG0d76etvOv0=,dIIHt8e6G8V+35dSzEDLaiZ2hJ4=
-126,1,b2hwj8+AMk3JJMIWG0d76etvOv0=,dIIHt8e6G8V+35dSzEDLaiZ2hJ4=
-126,0,b2hwj8+AMk3JJMIWG0d76etvOv0=,dIIHt8e6G8V+35dSzEDLaiZ2hJ4=
-114,14,b2hwj8+AMk3JJMIWG0d76etvOv0=,dIIHt8e6G8V+35dSzEDLaiZ2hJ4=
-116,2,wh6KjkCF9IqjK1zI1PNYxMu4mYU=,dIIHt8e6G8V+35dSzEDLaiZ2hJ4=
-115,14,b2hwj8+AMk3JJMIWG0d76etvOv0=,dIIHt8e6G8V+35dSzEDLaiZ2hJ4=
-116,14,b2hwj8+AMk3JJMIWG0d76etvOv0=,dIIHt8e6G8V+35dSzEDLaiZ2hJ4=
-117,14,b2hwj8+AMk3JJMIWG0d76etvOv0=,dIIHt8e6G8V+35dSzEDLaiZ2hJ4=
-118,14,b2hwj8+AMk3JJMIWG0d76etvOv0=,dIIHt8e6G8V+35dSzEDLaiZ2hJ4=
-119,14,b2hwj8+AMk3JJMIWG0d76etvOv0=,dIIHt8e6G8V+35dSzEDLaiZ2hJ4=
-120,14,b2hwj8+AMk3JJMIWG0d76etvOv0=,dIIHt8e6G8V+35dSzEDLaiZ2hJ4=
-121,14,b2hwj8+AMk3JJMIWG0d76etvOv0=,dIIHt8e6G8V+35dSzEDLaiZ2hJ4=
-122,14,b2hwj8+AMk3JJMIWG0d76etvOv0=,dIIHt8e6G8V+35dSzEDLaiZ2hJ4=
-123,14,b2hwj8+AMk3JJMIWG0d76etvOv0=,dIIHt8e6G8V+35dSzEDLaiZ2hJ4=
-124,14,b2hwj8+AMk3JJMIWG0d76etvOv0=,dIIHt8e6G8V+35dSzEDLaiZ2hJ4=
-125,14,b2hwj8+AMk3JJMIWG0d76etvOv0=,dIIHt8e6G8V+35dSzEDLaiZ2hJ4=
-126,14,b2hwj8+AMk3JJMIWG0d76etvOv0=,dIIHt8e6G8V+35dSzEDLaiZ2hJ4=
-127,14,b2hwj8+AMk3JJMIWG0d76etvOv0=,dIIHt8e6G8V+35dSzEDLaiZ2hJ4=
-128,14,b2hwj8+AMk3JJMIWG0d76etvOv0=,dIIHt8e6G8V+35dSzEDLaiZ2hJ4=
-113,13,b2hwj8+AMk3JJMIWG0d76etvOv0=,dIIHt8e6G8V+35dSzEDLaiZ2hJ4=
-128,1,b2hwj8+AMk3JJMIWG0d76etvOv0=,dIIHt8e6G8V+35dSzEDLaiZ2hJ4=
-114,13,b2hwj8+AMk3JJMIWG0d76etvOv0=,dIIHt8e6G8V+35dSzEDLaiZ2hJ4=
-113,0,b2hwj8+AMk3JJMIWG0d76etvOv0=,dIIHt8e6G8V+35dSzEDLaiZ2hJ4=
-115,13,b2hwj8+AMk3JJMIWG0d76etvOv0=,dIIHt8e6G8V+35dSzEDLaiZ2hJ4=
-117,2,wh6KjkCF9IqjK1zI1PNYxMu4mYU=,dIIHt8e6G8V+35dSzEDLaiZ2hJ4=
-116,13,b2hwj8+AMk3JJMIWG0d76etvOv0=,dIIHt8e6G8V+35dSzEDLaiZ2hJ4=
-117,13,b2hwj8+AMk3JJMIWG0d76etvOv0=,dIIHt8e6G8V+35dSzEDLaiZ2hJ4=
-118,13,b2hwj8+AMk3JJMIWG0d76etvOv0=,dIIHt8e6G8V+35dSzEDLaiZ2hJ4=
-119,13,b2hwj8+AMk3JJMIWG0d76etvOv0=,dIIHt8e6G8V+35dSzEDLaiZ2hJ4=
-120,13,b2hwj8+AMk3JJMIWG0d76etvOv0=,dIIHt8e6G8V+35dSzEDLaiZ2hJ4=
-121,13,b2hwj8+AMk3JJMIWG0d76etvOv0=,dIIHt8e6G8V+35dSzEDLaiZ2hJ4=
-122,13,b2hwj8+AMk3JJMIWG0d76etvOv0=,dIIHt8e6G8V+35dSzEDLaiZ2hJ4=
-123,13,b2hwj8+AMk3JJMIWG0d76etvOv0=,dIIHt8e6G8V+35dSzEDLaiZ2hJ4=
-124,13,b2hwj8+AMk3JJMIWG0d76etvOv0=,dIIHt8e6G8V+35dSzEDLaiZ2hJ4=
-125,13,b2hwj8+AMk3JJMIWG0d76etvOv0=,dIIHt8e6G8V+35dSzEDLaiZ2hJ4=
-126,13,b2hwj8+AMk3JJMIWG0d76etvOv0=,dIIHt8e6G8V+35dSzEDLaiZ2hJ4=
-127,13,b2hwj8+AMk3JJMIWG0d76etvOv0=,dIIHt8e6G8V+35dSzEDLaiZ2hJ4=
-127,0,b2hwj8+AMk3JJMIWG0d76etvOv0=,dIIHt8e6G8V+35dSzEDLaiZ2hJ4=
-128,13,b2hwj8+AMk3JJMIWG0d76etvOv0=,dIIHt8e6G8V+35dSzEDLaiZ2hJ4=
-113,12,b2hwj8+AMk3JJMIWG0d76etvOv0=,dIIHt8e6G8V+35dSzEDLaiZ2hJ4=
-114,12,b2hwj8+AMk3JJMIWG0d76etvOv0=,dIIHt8e6G8V+35dSzEDLaiZ2hJ4=
-115,12,b2hwj8+AMk3JJMIWG0d76etvOv0=,dIIHt8e6G8V+35dSzEDLaiZ2hJ4=
-114,0,b2hwj8+AMk3JJMIWG0d76etvOv0=,dIIHt8e6G8V+35dSzEDLaiZ2hJ4=
-116,12,b2hwj8+AMk3JJMIWG0d76etvOv0=,dIIHt8e6G8V+35dSzEDLaiZ2hJ4=
-118,2,wh6KjkCF9IqjK1zI1PNYxMu4mYU=,dIIHt8e6G8V+35dSzEDLaiZ2hJ4=
-117,12,b2hwj8+AMk3JJMIWG0d76etvOv0=,dIIHt8e6G8V+35dSzEDLaiZ2hJ4=
-118,12,b2hwj8+AMk3JJMIWG0d76etvOv0=,dIIHt8e6G8V+35dSzEDLaiZ2hJ4=
-119,12,b2hwj8+AMk3JJMIWG0d76etvOv0=,dIIHt8e6G8V+35dSzEDLaiZ2hJ4=
-120,12,b2hwj8+AMk3JJMIWG0d76etvOv0=,dIIHt8e6G8V+35dSzEDLaiZ2hJ4=
-121,12,b2hwj8+AMk3JJMIWG0d76etvOv0=,dIIHt8e6G8V+35dSzEDLaiZ2hJ4=
-122,12,b2hwj8+AMk3JJMIWG0d76etvOv0=,dIIHt8e6G8V+35dSzEDLaiZ2hJ4=
-123,12,b2hwj8+AMk3JJMIWG0d76etvOv0=,dIIHt8e6G8V+35dSzEDLaiZ2hJ4=
-124,12,b2hwj8+AMk3JJMIWG0d76etvOv0=,dIIHt8e6G8V+35dSzEDLaiZ2hJ4=
-125,12,b2hwj8+AMk3JJMIWG0d76etvOv0=,dIIHt8e6G8V+35dSzEDLaiZ2hJ4=
-126,12,b2hwj8+AMk3JJMIWG0d76etvOv0=,dIIHt8e6G8V+35dSzEDLaiZ2hJ4=
-127,12,b2hwj8+AMk3JJMIWG0d76etvOv0=,dIIHt8e6G8V+35dSzEDLaiZ2hJ4=
-128,12,b2hwj8+AMk3JJMIWG0d76etvOv0=,dIIHt8e6G8V+35dSzEDLaiZ2hJ4=
-113,11,b2hwj8+AMk3JJMIWG0d76etvOv0=,dIIHt8e6G8V+35dSzEDLaiZ2hJ4=
-114,11,b2hwj8+AMk3JJMIWG0d76etvOv0=,dIIHt8e6G8V+35dSzEDLaiZ2hJ4=
-115,11,b2hwj8+AMk3JJMIWG0d76etvOv0=,dIIHt8e6G8V+35dSzEDLaiZ2hJ4=
-116,11,b2hwj8+AMk3JJMIWG0d76etvOv0=,dIIHt8e6G8V+35dSzEDLaiZ2hJ4=
-117,11,b2hwj8+AMk3JJMIWG0d76etvOv0=,dIIHt8e6G8V+35dSzEDLaiZ2hJ4=
-115,0,b2hwj8+AMk3JJMIWG0d76etvOv0=,dIIHt8e6G8V+35dSzEDLaiZ2hJ4=
-119,2,wh6KjkCF9IqjK1zI1PNYxMu4mYU=,dIIHt8e6G8V+35dSzEDLaiZ2hJ4=
-118,11,b2hwj8+AMk3JJMIWG0d76etvOv0=,dIIHt8e6G8V+35dSzEDLaiZ2hJ4=
-119,11,b2hwj8+AMk3JJMIWG0d76etvOv0=,dIIHt8e6G8V+35dSzEDLaiZ2hJ4=
-120,11,b2hwj8+AMk3JJMIWG0d76etvOv0=,dIIHt8e6G8V+35dSzEDLaiZ2hJ4=
-121,11,b2hwj8+AMk3JJMIWG0d76etvOv0=,dIIHt8e6G8V+35dSzEDLaiZ2hJ4=
-122,11,b2hwj8+AMk3JJMIWG0d76etvOv0=,dIIHt8e6G8V+35dSzEDLaiZ2hJ4=
-123,11,b2hwj8+AMk3JJMIWG0d76etvOv0=,dIIHt8e6G8V+35dSzEDLaiZ2hJ4=
-124,11,b2hwj8+AMk3JJMIWG0d76etvOv0=,dIIHt8e6G8V+35dSzEDLaiZ2hJ4=
-125,11,b2hwj8+AMk3JJMIWG0d76etvOv0=,dIIHt8e6G8V+35dSzEDLaiZ2hJ4=
-126,11,b2hwj8+AMk3JJMIWG0d76etvOv0=,dIIHt8e6G8V+35dSzEDLaiZ2hJ4=
-127,11,b2hwj8+AMk3JJMIWG0d76etvOv0=,dIIHt8e6G8V+35dSzEDLaiZ2hJ4=
-128,11,b2hwj8+AMk3JJMIWG0d76etvOv0=,dIIHt8e6G8V+35dSzEDLaiZ2hJ4=
-113,10,b2hwj8+AMk3JJMIWG0d76etvOv0=,dIIHt8e6G8V+35dSzEDLaiZ2hJ4=
-114,10,b2hwj8+AMk3JJMIWG0d76etvOv0=,dIIHt8e6G8V+35dSzEDLaiZ2hJ4=
-115,10,b2hwj8+AMk3JJMIWG0d76etvOv0=,dIIHt8e6G8V+35dSzEDLaiZ2hJ4=
-116,10,b2hwj8+AMk3JJMIWG0d76etvOv0=,dIIHt8e6G8V+35dSzEDLaiZ2hJ4=
-117,10,b2hwj8+AMk3JJMIWG0d76etvOv0=,dIIHt8e6G8V+35dSzEDLaiZ2hJ4=
-118,10,b2hwj8+AMk3JJMIWG0d76etvOv0=,dIIHt8e6G8V+35dSzEDLaiZ2hJ4=
-116,0,b2hwj8+AMk3JJMIWG0d76etvOv0=,dIIHt8e6G8V+35dSzEDLaiZ2hJ4=
-120,2,wh6KjkCF9IqjK1zI1PNYxMu4mYU=,dIIHt8e6G8V+35dSzEDLaiZ2hJ4=
-119,10,b2hwj8+AMk3JJMIWG0d76etvOv0=,dIIHt8e6G8V+35dSzEDLaiZ2hJ4=
-120,10,b2hwj8+AMk3JJMIWG0d76etvOv0=,dIIHt8e6G8V+35dSzEDLaiZ2hJ4=
-121,10,b2hwj8+AMk3JJMIWG0d76etvOv0=,dIIHt8e6G8V+35dSzEDLaiZ2hJ4=
-122,10,b2hwj8+AMk3JJMIWG0d76etvOv0=,dIIHt8e6G8V+35dSzEDLaiZ2hJ4=
-123,10,b2hwj8+AMk3JJMIWG0d76etvOv0=,dIIHt8e6G8V+35dSzEDLaiZ2hJ4=
-124,10,b2hwj8+AMk3JJMIWG0d76etvOv0=,dIIHt8e6G8V+35dSzEDLaiZ2hJ4=
-125,10,b2hwj8+AMk3JJMIWG0d76etvOv0=,dIIHt8e6G8V+35dSzEDLaiZ2hJ4=
-126,10,b2hwj8+AMk3JJMIWG0d76etvOv0=,dIIHt8e6G8V+35dSzEDLaiZ2hJ4=
-127,10,b2hwj8+AMk3JJMIWG0d76etvOv0=,dIIHt8e6G8V+35dSzEDLaiZ2hJ4=
-128,10,b2hwj8+AMk3JJMIWG0d76etvOv0=,dIIHt8e6G8V+35dSzEDLaiZ2hJ4=
-113,9,b2hwj8+AMk3JJMIWG0d76etvOv0=,dIIHt8e6G8V+35dSzEDLaiZ2hJ4=
-114,9,b2hwj8+AMk3JJMIWG0d76etvOv0=,dIIHt8e6G8V+35dSzEDLaiZ2hJ4=
-115,9,b2hwj8+AMk3JJMIWG0d76etvOv0=,dIIHt8e6G8V+35dSzEDLaiZ2hJ4=
-116,9,b2hwj8+AMk3JJMIWG0d76etvOv0=,dIIHt8e6G8V+35dSzEDLaiZ2hJ4=
-117,9,b2hwj8+AMk3JJMIWG0d76etvOv0=,dIIHt8e6G8V+35dSzEDLaiZ2hJ4=
-118,9,b2hwj8+AMk3JJMIWG0d76etvOv0=,dIIHt8e6G8V+35dSzEDLaiZ2hJ4=
-119,9,b2hwj8+AMk3JJMIWG0d76etvOv0=,dIIHt8e6G8V+35dSzEDLaiZ2hJ4=
-117,0,b2hwj8+AMk3JJMIWG0d76etvOv0=,dIIHt8e6G8V+35dSzEDLaiZ2hJ4=
-121,2,wh6KjkCF9IqjK1zI1PNYxMu4mYU=,dIIHt8e6G8V+35dSzEDLaiZ2hJ4=
-120,9,b2hwj8+AMk3JJMIWG0d76etvOv0=,dIIHt8e6G8V+35dSzEDLaiZ2hJ4=
-122,9,b2hwj8+AMk3JJMIWG0d76etvOv0=,dIIHt8e6G8V+35dSzEDLaiZ2hJ4=
-121,9,b2hwj8+AMk3JJMIWG0d76etvOv0=,dIIHt8e6G8V+35dSzEDLaiZ2hJ4=
-125,9,b2hwj8+AMk3JJMIWG0d76etvOv0=,dIIHt8e6G8V+35dSzEDLaiZ2hJ4=
-126,9,b2hwj8+AMk3JJMIWG0d76etvOv0=,dIIHt8e6G8V+35dSzEDLaiZ2hJ4=
-127,9,b2hwj8+AMk3JJMIWG0d76etvOv0=,dIIHt8e6G8V+35dSzEDLaiZ2hJ4=
-128,9,b2hwj8+AMk3JJMIWG0d76etvOv0=,dIIHt8e6G8V+35dSzEDLaiZ2hJ4=
-123,9,b2hwj8+AMk3JJMIWG0d76etvOv0=,dIIHt8e6G8V+35dSzEDLaiZ2hJ4=
-124,9,b2hwj8+AMk3JJMIWG0d76etvOv0=,dIIHt8e6G8V+35dSzEDLaiZ2hJ4=
-114,8,b2hwj8+AMk3JJMIWG0d76etvOv0=,dIIHt8e6G8V+35dSzEDLaiZ2hJ4=
-113,8,b2hwj8+AMk3JJMIWG0d76etvOv0=,dIIHt8e6G8V+35dSzEDLaiZ2hJ4=
-116,8,b2hwj8+AMk3JJMIWG0d76etvOv0=,dIIHt8e6G8V+35dSzEDLaiZ2hJ4=
-115,8,b2hwj8+AMk3JJMIWG0d76etvOv0=,dIIHt8e6G8V+35dSzEDLaiZ2hJ4=
-117,8,b2hwj8+AMk3JJMIWG0d76etvOv0=,dIIHt8e6G8V+35dSzEDLaiZ2hJ4=
-118,0,b2hwj8+AMk3JJMIWG0d76etvOv0=,dIIHt8e6G8V+35dSzEDLaiZ2hJ4=
-118,8,b2hwj8+AMk3JJMIWG0d76etvOv0=,dIIHt8e6G8V+35dSzEDLaiZ2hJ4=
-122,2,b2hwj8+AMk3JJMIWG0d76etvOv0=,dIIHt8e6G8V+35dSzEDLaiZ2hJ4=
-119,8,b2hwj8+AMk3JJMIWG0d76etvOv0=,dIIHt8e6G8V+35dSzEDLaiZ2hJ4=
-120,8,b2hwj8+AMk3JJMIWG0d76etvOv0=,dIIHt8e6G8V+35dSzEDLaiZ2hJ4=
-121,8,b2hwj8+AMk3JJMIWG0d76etvOv0=,dIIHt8e6G8V+35dSzEDLaiZ2hJ4=
-122,8,b2hwj8+AMk3JJMIWG0d76etvOv0=,dIIHt8e6G8V+35dSzEDLaiZ2hJ4=
-124,8,b2hwj8+AMk3JJMIWG0d76etvOv0=,dIIHt8e6G8V+35dSzEDLaiZ2hJ4=
-123,8,b2hwj8+AMk3JJMIWG0d76etvOv0=,dIIHt8e6G8V+35dSzEDLaiZ2hJ4=
-127,8,b2hwj8+AMk3JJMIWG0d76etvOv0=,dIIHt8e6G8V+35dSzEDLaiZ2hJ4=
-128,8,b2hwj8+AMk3JJMIWG0d76etvOv0=,dIIHt8e6G8V+35dSzEDLaiZ2hJ4=
-126,8,b2hwj8+AMk3JJMIWG0d76etvOv0=,dIIHt8e6G8V+35dSzEDLaiZ2hJ4=
-125,8,b2hwj8+AMk3JJMIWG0d76etvOv0=,dIIHt8e6G8V+35dSzEDLaiZ2hJ4=
-113,7,b2hwj8+AMk3JJMIWG0d76etvOv0=,dIIHt8e6G8V+35dSzEDLaiZ2hJ4=
-114,7,b2hwj8+AMk3JJMIWG0d76etvOv0=,dIIHt8e6G8V+35dSzEDLaiZ2hJ4=
-115,7,b2hwj8+AMk3JJMIWG0d76etvOv0=,dIIHt8e6G8V+35dSzEDLaiZ2hJ4=
-116,7,b2hwj8+AMk3JJMIWG0d76etvOv0=,dIIHt8e6G8V+35dSzEDLaiZ2hJ4=
-117,7,b2hwj8+AMk3JJMIWG0d76etvOv0=,dIIHt8e6G8V+35dSzEDLaiZ2hJ4=
-119,7,b2hwj8+AMk3JJMIWG0d76etvOv0=,dIIHt8e6G8V+35dSzEDLaiZ2hJ4=
-118,7,b2hwj8+AMk3JJMIWG0d76etvOv0=,dIIHt8e6G8V+35dSzEDLaiZ2hJ4=
-119,0,b2hwj8+AMk3JJMIWG0d76etvOv0=,dIIHt8e6G8V+35dSzEDLaiZ2hJ4=
-123,2,b2hwj8+AMk3JJMIWG0d76etvOv0=,dIIHt8e6G8V+35dSzEDLaiZ2hJ4=
-120,7,b2hwj8+AMk3JJMIWG0d76etvOv0=,dIIHt8e6G8V+35dSzEDLaiZ2hJ4=
-122,7,b2hwj8+AMk3JJMIWG0d76etvOv0=,dIIHt8e6G8V+35dSzEDLaiZ2hJ4=
-121,7,b2hwj8+AMk3JJMIWG0d76etvOv0=,dIIHt8e6G8V+35dSzEDLaiZ2hJ4=
-125,7,b2hwj8+AMk3JJMIWG0d76etvOv0=,dIIHt8e6G8V+35dSzEDLaiZ2hJ4=
-123,7,b2hwj8+AMk3JJMIWG0d76etvOv0=,dIIHt8e6G8V+35dSzEDLaiZ2hJ4=
-126,7,b2hwj8+AMk3JJMIWG0d76etvOv0=,dIIHt8e6G8V+35dSzEDLaiZ2hJ4=
-127,7,b2hwj8+AMk3JJMIWG0d76etvOv0=,dIIHt8e6G8V+35dSzEDLaiZ2hJ4=
-124,7,b2hwj8+AMk3JJMIWG0d76etvOv0=,dIIHt8e6G8V+35dSzEDLaiZ2hJ4=
-128,7,b2hwj8+AMk3JJMIWG0d76etvOv0=,dIIHt8e6G8V+35dSzEDLaiZ2hJ4=
-113,6,b2hwj8+AMk3JJMIWG0d76etvOv0=,dIIHt8e6G8V+35dSzEDLaiZ2hJ4=
-114,6,b2hwj8+AMk3JJMIWG0d76etvOv0=,dIIHt8e6G8V+35dSzEDLaiZ2hJ4=
-115,6,b2hwj8+AMk3JJMIWG0d76etvOv0=,dIIHt8e6G8V+35dSzEDLaiZ2hJ4=
-116,6,b2hwj8+AMk3JJMIWG0d76etvOv0=,dIIHt8e6G8V+35dSzEDLaiZ2hJ4=
-118,6,b2hwj8+AMk3JJMIWG0d76etvOv0=,dIIHt8e6G8V+35dSzEDLaiZ2hJ4=
-117,6,b2hwj8+AMk3JJMIWG0d76etvOv0=,dIIHt8e6G8V+35dSzEDLaiZ2hJ4=
-122,6,b2hwj8+AMk3JJMIWG0d76etvOv0=,dIIHt8e6G8V+35dSzEDLaiZ2hJ4=
-120,0,b2hwj8+AMk3JJMIWG0d76etvOv0=,dIIHt8e6G8V+35dSzEDLaiZ2hJ4=
-124,2,b2hwj8+AMk3JJMIWG0d76etvOv0=,dIIHt8e6G8V+35dSzEDLaiZ2hJ4=
-121,6,b2hwj8+AMk3JJMIWG0d76etvOv0=,dIIHt8e6G8V+35dSzEDLaiZ2hJ4=
-120,6,b2hwj8+AMk3JJMIWG0d76etvOv0=,dIIHt8e6G8V+35dSzEDLaiZ2hJ4=
-123,6,b2hwj8+AMk3JJMIWG0d76etvOv0=,dIIHt8e6G8V+35dSzEDLaiZ2hJ4=
-126,6,b2hwj8+AMk3JJMIWG0d76etvOv0=,dIIHt8e6G8V+35dSzEDLaiZ2hJ4=
-127,6,b2hwj8+AMk3JJMIWG0d76etvOv0=,dIIHt8e6G8V+35dSzEDLaiZ2hJ4=
-125,6,b2hwj8+AMk3JJMIWG0d76etvOv0=,dIIHt8e6G8V+35dSzEDLaiZ2hJ4=
-124,6,b2hwj8+AMk3JJMIWG0d76etvOv0=,dIIHt8e6G8V+35dSzEDLaiZ2hJ4=
-128,6,b2hwj8+AMk3JJMIWG0d76etvOv0=,dIIHt8e6G8V+35dSzEDLaiZ2hJ4=
-114,5,b2hwj8+AMk3JJMIWG0d76etvOv0=,dIIHt8e6G8V+35dSzEDLaiZ2hJ4=
-115,5,b2hwj8+AMk3JJMIWG0d76etvOv0=,dIIHt8e6G8V+35dSzEDLaiZ2hJ4=
-113,5,b2hwj8+AMk3JJMIWG0d76etvOv0=,dIIHt8e6G8V+35dSzEDLaiZ2hJ4=
-116,5,b2hwj8+AMk3JJMIWG0d76etvOv0=,dIIHt8e6G8V+35dSzEDLaiZ2hJ4=
-117,5,b2hwj8+AMk3JJMIWG0d76etvOv0=,dIIHt8e6G8V+35dSzEDLaiZ2hJ4=
-118,5,b2hwj8+AMk3JJMIWG0d76etvOv0=,dIIHt8e6G8V+35dSzEDLaiZ2hJ4=
-121,5,b2hwj8+AMk3JJMIWG0d76etvOv0=,dIIHt8e6G8V+35dSzEDLaiZ2hJ4=
-122,5,b2hwj8+AMk3JJMIWG0d76etvOv0=,dIIHt8e6G8V+35dSzEDLaiZ2hJ4=
-123,5,b2hwj8+AMk3JJMIWG0d76etvOv0=,dIIHt8e6G8V+35dSzEDLaiZ2hJ4=
-121,0,b2hwj8+AMk3JJMIWG0d76etvOv0=,dIIHt8e6G8V+35dSzEDLaiZ2hJ4=
-125,2,b2hwj8+AMk3JJMIWG0d76etvOv0=,dIIHt8e6G8V+35dSzEDLaiZ2hJ4=
-119,5,b2hwj8+AMk3JJMIWG0d76etvOv0=,dIIHt8e6G8V+35dSzEDLaiZ2hJ4=
-120,5,b2hwj8+AMk3JJMIWG0d76etvOv0=,dIIHt8e6G8V+35dSzEDLaiZ2hJ4=
-124,5,b2hwj8+AMk3JJMIWG0d76etvOv0=,dIIHt8e6G8V+35dSzEDLaiZ2hJ4=
-125,5,b2hwj8+AMk3JJMIWG0d76etvOv0=,dIIHt8e6G8V+35dSzEDLaiZ2hJ4=
-127,5,b2hwj8+AMk3JJMIWG0d76etvOv0=,dIIHt8e6G8V+35dSzEDLaiZ2hJ4=
-128,5,b2hwj8+AMk3JJMIWG0d76etvOv0=,dIIHt8e6G8V+35dSzEDLaiZ2hJ4=
-122,0,b2hwj8+AMk3JJMIWG0d76etvOv0=,dIIHt8e6G8V+35dSzEDLaiZ2hJ4=
-126,5,b2hwj8+AMk3JJMIWG0d76etvOv0=,dIIHt8e6G8V+35dSzEDLaiZ2hJ4=
-113,4,b2hwj8+AMk3JJMIWG0d76etvOv0=,dIIHt8e6G8V+35dSzEDLaiZ2hJ4=
-114,4,b2hwj8+AMk3JJMIWG0d76etvOv0=,dIIHt8e6G8V+35dSzEDLaiZ2hJ4=
-117,4,b2hwj8+AMk3JJMIWG0d76etvOv0=,dIIHt8e6G8V+35dSzEDLaiZ2hJ4=
-115,4,b2hwj8+AMk3JJMIWG0d76etvOv0=,dIIHt8e6G8V+35dSzEDLaiZ2hJ4=
-118,4,b2hwj8+AMk3JJMIWG0d76etvOv0=,dIIHt8e6G8V+35dSzEDLaiZ2hJ4=
-120,4,b2hwj8+AMk3JJMIWG0d76etvOv0=,dIIHt8e6G8V+35dSzEDLaiZ2hJ4=
-121,4,b2hwj8+AMk3JJMIWG0d76etvOv0=,dIIHt8e6G8V+35dSzEDLaiZ2hJ4=
-122,4,b2hwj8+AMk3JJMIWG0d76etvOv0=,dIIHt8e6G8V+35dSzEDLaiZ2hJ4=
-123,4,b2hwj8+AMk3JJMIWG0d76etvOv0=,dIIHt8e6G8V+35dSzEDLaiZ2hJ4=
-128,0,b2hwj8+AMk3JJMIWG0d76etvOv0=,dIIHt8e6G8V+35dSzEDLaiZ2hJ4=
-124,4,b2hwj8+AMk3JJMIWG0d76etvOv0=,dIIHt8e6G8V+35dSzEDLaiZ2hJ4=
-123,0,b2hwj8+AMk3JJMIWG0d76etvOv0=,dIIHt8e6G8V+35dSzEDLaiZ2hJ4=
-126,2,b2hwj8+AMk3JJMIWG0d76etvOv0=,dIIHt8e6G8V+35dSzEDLaiZ2hJ4=
-116,4,b2hwj8+AMk3JJMIWG0d76etvOv0=,dIIHt8e6G8V+35dSzEDLaiZ2hJ4=
-119,4,b2hwj8+AMk3JJMIWG0d76etvOv0=,dIIHt8e6G8V+35dSzEDLaiZ2hJ4=
-125,4,b2hwj8+AMk3JJMIWG0d76etvOv0=,dIIHt8e6G8V+35dSzEDLaiZ2hJ4=
-128,4,b2hwj8+AMk3JJMIWG0d76etvOv0=,dIIHt8e6G8V+35dSzEDLaiZ2hJ4=
-113,3,b2hwj8+AMk3JJMIWG0d76etvOv0=,dIIHt8e6G8V+35dSzEDLaiZ2hJ4=
-127,2,b2hwj8+AMk3JJMIWG0d76etvOv0=,dIIHt8e6G8V+35dSzEDLaiZ2hJ4=
-114,3,b2hwj8+AMk3JJMIWG0d76etvOv0=,dIIHt8e6G8V+35dSzEDLaiZ2hJ4=
-115,3,b2hwj8+AMk3JJMIWG0d76etvOv0=,dIIHt8e6G8V+35dSzEDLaiZ2hJ4=
-116,3,wh6KjkCF9IqjK1zI1PNYxMu4mYU=,dIIHt8e6G8V+35dSzEDLaiZ2hJ4=
-117,3,b2hwj8+AMk3JJMIWG0d76etvOv0=,dIIHt8e6G8V+35dSzEDLaiZ2hJ4=
-118,3,b2hwj8+AMk3JJMIWG0d76etvOv0=,dIIHt8e6G8V+35dSzEDLaiZ2hJ4=
-119,3,b2hwj8+AMk3JJMIWG0d76etvOv0=,dIIHt8e6G8V+35dSzEDLaiZ2hJ4=
-120,3,b2hwj8+AMk3JJMIWG0d76etvOv0=,dIIHt8e6G8V+35dSzEDLaiZ2hJ4=
-121,3,b2hwj8+AMk3JJMIWG0d76etvOv0=,dIIHt8e6G8V+35dSzEDLaiZ2hJ4=
-122,3,b2hwj8+AMk3JJMIWG0d76etvOv0=,dIIHt8e6G8V+35dSzEDLaiZ2hJ4=
-123,3,b2hwj8+AMk3JJMIWG0d76etvOv0=,dIIHt8e6G8V+35dSzEDLaiZ2hJ4=
-124,0,b2hwj8+AMk3JJMIWG0d76etvOv0=,dIIHt8e6G8V+35dSzEDLaiZ2hJ4=
-124,3,b2hwj8+AMk3JJMIWG0d76etvOv0=,dIIHt8e6G8V+35dSzEDLaiZ2hJ4=
-126,4,b2hwj8+AMk3JJMIWG0d76etvOv0=,dIIHt8e6G8V+35dSzEDLaiZ2hJ4=
-125,3,b2hwj8+AMk3JJMIWG0d76etvOv0=,dIIHt8e6G8V+35dSzEDLaiZ2hJ4=
-127,4,b2hwj8+AMk3JJMIWG0d76etvOv0=,dIIHt8e6G8V+35dSzEDLaiZ2hJ4=
-128,2,b2hwj8+AMk3JJMIWG0d76etvOv0=,dIIHt8e6G8V+35dSzEDLaiZ2hJ4=
-127,3,b2hwj8+AMk3JJMIWG0d76etvOv0=,dIIHt8e6G8V+35dSzEDLaiZ2hJ4=
-113,2,b2hwj8+AMk3JJMIWG0d76etvOv0=,dIIHt8e6G8V+35dSzEDLaiZ2hJ4=
-128,3,b2hwj8+AMk3JJMIWG0d76etvOv0=,dIIHt8e6G8V+35dSzEDLaiZ2hJ4=
-126,3,b2hwj8+AMk3JJMIWG0d76etvOv0=,dIIHt8e6G8V+35dSzEDLaiZ2hJ4=
-119,6,b2hwj8+AMk3JJMIWG0d76etvOv0=,dIIHt8e6G8V+35dSzEDLaiZ2hJ4=
-109,0,FFEBC0JfR5Ai6lZSkB0s2n4kGNk=,CU0dHU4IDyEzwyoSVyw1krILVec=
-97,1,FFEBC0JfR5Ai6lZSkB0s2n4kGNk=,CU0dHU4IDyEzwyoSVyw1krILVec=
-97,15,FFEBC0JfR5Ai6lZSkB0s2n4kGNk=,CU0dHU4IDyEzwyoSVyw1krILVec=
-99,2,FFEBC0JfR5Ai6lZSkB0s2n4kGNk=,CU0dHU4IDyEzwyoSVyw1krILVec=
-100,2,FFEBC0JfR5Ai6lZSkB0s2n4kGNk=,CU0dHU4IDyEzwyoSVyw1krILVec=
-101,2,FFEBC0JfR5Ai6lZSkB0s2n4kGNk=,CU0dHU4IDyEzwyoSVyw1krILVec=
-102,2,FFEBC0JfR5Ai6lZSkB0s2n4kGNk=,CU0dHU4IDyEzwyoSVyw1krILVec=
-103,2,FFEBC0JfR5Ai6lZSkB0s2n4kGNk=,CU0dHU4IDyEzwyoSVyw1krILVec=
-104,2,FFEBC0JfR5Ai6lZSkB0s2n4kGNk=,CU0dHU4IDyEzwyoSVyw1krILVec=
-105,2,FFEBC0JfR5Ai6lZSkB0s2n4kGNk=,CU0dHU4IDyEzwyoSVyw1krILVec=
-106,2,FFEBC0JfR5Ai6lZSkB0s2n4kGNk=,CU0dHU4IDyEzwyoSVyw1krILVec=
-107,2,FFEBC0JfR5Ai6lZSkB0s2n4kGNk=,CU0dHU4IDyEzwyoSVyw1krILVec=
-101,3,FFEBC0JfR5Ai6lZSkB0s2n4kGNk=,CU0dHU4IDyEzwyoSVyw1krILVec=
-98,15,FFEBC0JfR5Ai6lZSkB0s2n4kGNk=,CU0dHU4IDyEzwyoSVyw1krILVec=
-99,15,FFEBC0JfR5Ai6lZSkB0s2n4kGNk=,CU0dHU4IDyEzwyoSVyw1krILVec=
-100,15,FFEBC0JfR5Ai6lZSkB0s2n4kGNk=,CU0dHU4IDyEzwyoSVyw1krILVec=
-101,15,FFEBC0JfR5Ai6lZSkB0s2n4kGNk=,CU0dHU4IDyEzwyoSVyw1krILVec=
-108,2,FFEBC0JfR5Ai6lZSkB0s2n4kGNk=,CU0dHU4IDyEzwyoSVyw1krILVec=
-102,15,FFEBC0JfR5Ai6lZSkB0s2n4kGNk=,CU0dHU4IDyEzwyoSVyw1krILVec=
-109,2,FFEBC0JfR5Ai6lZSkB0s2n4kGNk=,CU0dHU4IDyEzwyoSVyw1krILVec=
-110,2,FFEBC0JfR5Ai6lZSkB0s2n4kGNk=,CU0dHU4IDyEzwyoSVyw1krILVec=
-103,15,FFEBC0JfR5Ai6lZSkB0s2n4kGNk=,CU0dHU4IDyEzwyoSVyw1krILVec=
-111,2,FFEBC0JfR5Ai6lZSkB0s2n4kGNk=,CU0dHU4IDyEzwyoSVyw1krILVec=
-112,2,FFEBC0JfR5Ai6lZSkB0s2n4kGNk=,CU0dHU4IDyEzwyoSVyw1krILVec=
-104,15,FFEBC0JfR5Ai6lZSkB0s2n4kGNk=,CU0dHU4IDyEzwyoSVyw1krILVec=
-105,15,FFEBC0JfR5Ai6lZSkB0s2n4kGNk=,CU0dHU4IDyEzwyoSVyw1krILVec=
-106,15,FFEBC0JfR5Ai6lZSkB0s2n4kGNk=,CU0dHU4IDyEzwyoSVyw1krILVec=
-107,15,FFEBC0JfR5Ai6lZSkB0s2n4kGNk=,CU0dHU4IDyEzwyoSVyw1krILVec=
-108,15,FFEBC0JfR5Ai6lZSkB0s2n4kGNk=,CU0dHU4IDyEzwyoSVyw1krILVec=
-109,15,FFEBC0JfR5Ai6lZSkB0s2n4kGNk=,CU0dHU4IDyEzwyoSVyw1krILVec=
-110,0,FFEBC0JfR5Ai6lZSkB0s2n4kGNk=,CU0dHU4IDyEzwyoSVyw1krILVec=
-110,15,FFEBC0JfR5Ai6lZSkB0s2n4kGNk=,CU0dHU4IDyEzwyoSVyw1krILVec=
-102,3,FFEBC0JfR5Ai6lZSkB0s2n4kGNk=,CU0dHU4IDyEzwyoSVyw1krILVec=
-111,15,FFEBC0JfR5Ai6lZSkB0s2n4kGNk=,CU0dHU4IDyEzwyoSVyw1krILVec=
-112,15,FFEBC0JfR5Ai6lZSkB0s2n4kGNk=,CU0dHU4IDyEzwyoSVyw1krILVec=
-98,1,FFEBC0JfR5Ai6lZSkB0s2n4kGNk=,CU0dHU4IDyEzwyoSVyw1krILVec=
-97,14,FFEBC0JfR5Ai6lZSkB0s2n4kGNk=,CU0dHU4IDyEzwyoSVyw1krILVec=
-98,14,FFEBC0JfR5Ai6lZSkB0s2n4kGNk=,CU0dHU4IDyEzwyoSVyw1krILVec=
-99,14,FFEBC0JfR5Ai6lZSkB0s2n4kGNk=,CU0dHU4IDyEzwyoSVyw1krILVec=
-100,14,FFEBC0JfR5Ai6lZSkB0s2n4kGNk=,CU0dHU4IDyEzwyoSVyw1krILVec=
-101,14,FFEBC0JfR5Ai6lZSkB0s2n4kGNk=,CU0dHU4IDyEzwyoSVyw1krILVec=
-102,14,FFEBC0JfR5Ai6lZSkB0s2n4kGNk=,CU0dHU4IDyEzwyoSVyw1krILVec=
-103,14,FFEBC0JfR5Ai6lZSkB0s2n4kGNk=,CU0dHU4IDyEzwyoSVyw1krILVec=
-104,14,FFEBC0JfR5Ai6lZSkB0s2n4kGNk=,CU0dHU4IDyEzwyoSVyw1krILVec=
-105,14,FFEBC0JfR5Ai6lZSkB0s2n4kGNk=,CU0dHU4IDyEzwyoSVyw1krILVec=
-106,14,FFEBC0JfR5Ai6lZSkB0s2n4kGNk=,CU0dHU4IDyEzwyoSVyw1krILVec=
-107,14,FFEBC0JfR5Ai6lZSkB0s2n4kGNk=,CU0dHU4IDyEzwyoSVyw1krILVec=
-108,14,FFEBC0JfR5Ai6lZSkB0s2n4kGNk=,CU0dHU4IDyEzwyoSVyw1krILVec=
-109,14,FFEBC0JfR5Ai6lZSkB0s2n4kGNk=,CU0dHU4IDyEzwyoSVyw1krILVec=
-110,14,FFEBC0JfR5Ai6lZSkB0s2n4kGNk=,CU0dHU4IDyEzwyoSVyw1krILVec=
-111,1,FFEBC0JfR5Ai6lZSkB0s2n4kGNk=,CU0dHU4IDyEzwyoSVyw1krILVec=
-103,3,FFEBC0JfR5Ai6lZSkB0s2n4kGNk=,CU0dHU4IDyEzwyoSVyw1krILVec=
-112,1,FFEBC0JfR5Ai6lZSkB0s2n4kGNk=,CU0dHU4IDyEzwyoSVyw1krILVec=
-111,14,FFEBC0JfR5Ai6lZSkB0s2n4kGNk=,CU0dHU4IDyEzwyoSVyw1krILVec=
-112,14,FFEBC0JfR5Ai6lZSkB0s2n4kGNk=,CU0dHU4IDyEzwyoSVyw1krILVec=
-111,0,FFEBC0JfR5Ai6lZSkB0s2n4kGNk=,CU0dHU4IDyEzwyoSVyw1krILVec=
-97,13,FFEBC0JfR5Ai6lZSkB0s2n4kGNk=,CU0dHU4IDyEzwyoSVyw1krILVec=
-98,13,FFEBC0JfR5Ai6lZSkB0s2n4kGNk=,CU0dHU4IDyEzwyoSVyw1krILVec=
-99,13,FFEBC0JfR5Ai6lZSkB0s2n4kGNk=,CU0dHU4IDyEzwyoSVyw1krILVec=
-100,13,FFEBC0JfR5Ai6lZSkB0s2n4kGNk=,CU0dHU4IDyEzwyoSVyw1krILVec=
-101,13,FFEBC0JfR5Ai6lZSkB0s2n4kGNk=,CU0dHU4IDyEzwyoSVyw1krILVec=
-102,13,FFEBC0JfR5Ai6lZSkB0s2n4kGNk=,CU0dHU4IDyEzwyoSVyw1krILVec=
-103,13,FFEBC0JfR5Ai6lZSkB0s2n4kGNk=,CU0dHU4IDyEzwyoSVyw1krILVec=
-104,13,FFEBC0JfR5Ai6lZSkB0s2n4kGNk=,CU0dHU4IDyEzwyoSVyw1krILVec=
-105,13,FFEBC0JfR5Ai6lZSkB0s2n4kGNk=,CU0dHU4IDyEzwyoSVyw1krILVec=
-106,13,FFEBC0JfR5Ai6lZSkB0s2n4kGNk=,CU0dHU4IDyEzwyoSVyw1krILVec=
-107,13,FFEBC0JfR5Ai6lZSkB0s2n4kGNk=,CU0dHU4IDyEzwyoSVyw1krILVec=
-108,13,FFEBC0JfR5Ai6lZSkB0s2n4kGNk=,CU0dHU4IDyEzwyoSVyw1krILVec=
-109,13,FFEBC0JfR5Ai6lZSkB0s2n4kGNk=,CU0dHU4IDyEzwyoSVyw1krILVec=
-97,0,FFEBC0JfR5Ai6lZSkB0s2n4kGNk=,CU0dHU4IDyEzwyoSVyw1krILVec=
-99,1,FFEBC0JfR5Ai6lZSkB0s2n4kGNk=,CU0dHU4IDyEzwyoSVyw1krILVec=
-104,3,FFEBC0JfR5Ai6lZSkB0s2n4kGNk=,CU0dHU4IDyEzwyoSVyw1krILVec=
-110,13,FFEBC0JfR5Ai6lZSkB0s2n4kGNk=,CU0dHU4IDyEzwyoSVyw1krILVec=
-111,13,FFEBC0JfR5Ai6lZSkB0s2n4kGNk=,CU0dHU4IDyEzwyoSVyw1krILVec=
-112,13,FFEBC0JfR5Ai6lZSkB0s2n4kGNk=,CU0dHU4IDyEzwyoSVyw1krILVec=
-100,1,FFEBC0JfR5Ai6lZSkB0s2n4kGNk=,CU0dHU4IDyEzwyoSVyw1krILVec=
-97,12,FFEBC0JfR5Ai6lZSkB0s2n4kGNk=,CU0dHU4IDyEzwyoSVyw1krILVec=
-98,12,FFEBC0JfR5Ai6lZSkB0s2n4kGNk=,CU0dHU4IDyEzwyoSVyw1krILVec=
-99,12,FFEBC0JfR5Ai6lZSkB0s2n4kGNk=,CU0dHU4IDyEzwyoSVyw1krILVec=
-100,12,FFEBC0JfR5Ai6lZSkB0s2n4kGNk=,CU0dHU4IDyEzwyoSVyw1krILVec=
-101,12,FFEBC0JfR5Ai6lZSkB0s2n4kGNk=,CU0dHU4IDyEzwyoSVyw1krILVec=
-102,12,FFEBC0JfR5Ai6lZSkB0s2n4kGNk=,CU0dHU4IDyEzwyoSVyw1krILVec=
-103,12,FFEBC0JfR5Ai6lZSkB0s2n4kGNk=,CU0dHU4IDyEzwyoSVyw1krILVec=
-104,12,FFEBC0JfR5Ai6lZSkB0s2n4kGNk=,CU0dHU4IDyEzwyoSVyw1krILVec=
-105,12,FFEBC0JfR5Ai6lZSkB0s2n4kGNk=,CU0dHU4IDyEzwyoSVyw1krILVec=
-106,12,FFEBC0JfR5Ai6lZSkB0s2n4kGNk=,CU0dHU4IDyEzwyoSVyw1krILVec=
-107,12,FFEBC0JfR5Ai6lZSkB0s2n4kGNk=,CU0dHU4IDyEzwyoSVyw1krILVec=
-108,12,FFEBC0JfR5Ai6lZSkB0s2n4kGNk=,CU0dHU4IDyEzwyoSVyw1krILVec=
-98,0,FFEBC0JfR5Ai6lZSkB0s2n4kGNk=,CU0dHU4IDyEzwyoSVyw1krILVec=
-100,3,FFEBC0JfR5Ai6lZSkB0s2n4kGNk=,CU0dHU4IDyEzwyoSVyw1krILVec=
-105,3,FFEBC0JfR5Ai6lZSkB0s2n4kGNk=,CU0dHU4IDyEzwyoSVyw1krILVec=
-109,12,FFEBC0JfR5Ai6lZSkB0s2n4kGNk=,CU0dHU4IDyEzwyoSVyw1krILVec=
-110,12,FFEBC0JfR5Ai6lZSkB0s2n4kGNk=,CU0dHU4IDyEzwyoSVyw1krILVec=
-111,12,FFEBC0JfR5Ai6lZSkB0s2n4kGNk=,CU0dHU4IDyEzwyoSVyw1krILVec=
-101,1,FFEBC0JfR5Ai6lZSkB0s2n4kGNk=,CU0dHU4IDyEzwyoSVyw1krILVec=
-112,12,FFEBC0JfR5Ai6lZSkB0s2n4kGNk=,CU0dHU4IDyEzwyoSVyw1krILVec=
-97,11,FFEBC0JfR5Ai6lZSkB0s2n4kGNk=,CU0dHU4IDyEzwyoSVyw1krILVec=
-98,11,FFEBC0JfR5Ai6lZSkB0s2n4kGNk=,CU0dHU4IDyEzwyoSVyw1krILVec=
-99,11,FFEBC0JfR5Ai6lZSkB0s2n4kGNk=,CU0dHU4IDyEzwyoSVyw1krILVec=
-100,11,FFEBC0JfR5Ai6lZSkB0s2n4kGNk=,CU0dHU4IDyEzwyoSVyw1krILVec=
-101,11,FFEBC0JfR5Ai6lZSkB0s2n4kGNk=,CU0dHU4IDyEzwyoSVyw1krILVec=
-102,11,FFEBC0JfR5Ai6lZSkB0s2n4kGNk=,CU0dHU4IDyEzwyoSVyw1krILVec=
-103,11,FFEBC0JfR5Ai6lZSkB0s2n4kGNk=,CU0dHU4IDyEzwyoSVyw1krILVec=
-104,11,FFEBC0JfR5Ai6lZSkB0s2n4kGNk=,CU0dHU4IDyEzwyoSVyw1krILVec=
-105,11,FFEBC0JfR5Ai6lZSkB0s2n4kGNk=,CU0dHU4IDyEzwyoSVyw1krILVec=
-106,11,FFEBC0JfR5Ai6lZSkB0s2n4kGNk=,CU0dHU4IDyEzwyoSVyw1krILVec=
-107,11,FFEBC0JfR5Ai6lZSkB0s2n4kGNk=,CU0dHU4IDyEzwyoSVyw1krILVec=
-99,0,FFEBC0JfR5Ai6lZSkB0s2n4kGNk=,CU0dHU4IDyEzwyoSVyw1krILVec=
-98,2,FFEBC0JfR5Ai6lZSkB0s2n4kGNk=,CU0dHU4IDyEzwyoSVyw1krILVec=
-108,0,FFEBC0JfR5Ai6lZSkB0s2n4kGNk=,CU0dHU4IDyEzwyoSVyw1krILVec=
-106,3,FFEBC0JfR5Ai6lZSkB0s2n4kGNk=,CU0dHU4IDyEzwyoSVyw1krILVec=
-108,11,FFEBC0JfR5Ai6lZSkB0s2n4kGNk=,CU0dHU4IDyEzwyoSVyw1krILVec=
-109,11,FFEBC0JfR5Ai6lZSkB0s2n4kGNk=,CU0dHU4IDyEzwyoSVyw1krILVec=
-110,11,FFEBC0JfR5Ai6lZSkB0s2n4kGNk=,CU0dHU4IDyEzwyoSVyw1krILVec=
-111,11,FFEBC0JfR5Ai6lZSkB0s2n4kGNk=,CU0dHU4IDyEzwyoSVyw1krILVec=
-102,1,FFEBC0JfR5Ai6lZSkB0s2n4kGNk=,CU0dHU4IDyEzwyoSVyw1krILVec=
-112,11,FFEBC0JfR5Ai6lZSkB0s2n4kGNk=,CU0dHU4IDyEzwyoSVyw1krILVec=
-97,10,FFEBC0JfR5Ai6lZSkB0s2n4kGNk=,CU0dHU4IDyEzwyoSVyw1krILVec=
-98,10,FFEBC0JfR5Ai6lZSkB0s2n4kGNk=,CU0dHU4IDyEzwyoSVyw1krILVec=
-99,10,FFEBC0JfR5Ai6lZSkB0s2n4kGNk=,CU0dHU4IDyEzwyoSVyw1krILVec=
-100,10,FFEBC0JfR5Ai6lZSkB0s2n4kGNk=,CU0dHU4IDyEzwyoSVyw1krILVec=
-101,10,FFEBC0JfR5Ai6lZSkB0s2n4kGNk=,CU0dHU4IDyEzwyoSVyw1krILVec=
-102,10,FFEBC0JfR5Ai6lZSkB0s2n4kGNk=,CU0dHU4IDyEzwyoSVyw1krILVec=
-103,10,FFEBC0JfR5Ai6lZSkB0s2n4kGNk=,CU0dHU4IDyEzwyoSVyw1krILVec=
-105,10,FFEBC0JfR5Ai6lZSkB0s2n4kGNk=,CU0dHU4IDyEzwyoSVyw1krILVec=
-106,10,FFEBC0JfR5Ai6lZSkB0s2n4kGNk=,CU0dHU4IDyEzwyoSVyw1krILVec=
-100,0,FFEBC0JfR5Ai6lZSkB0s2n4kGNk=,CU0dHU4IDyEzwyoSVyw1krILVec=
-104,10,FFEBC0JfR5Ai6lZSkB0s2n4kGNk=,CU0dHU4IDyEzwyoSVyw1krILVec=
-107,10,FFEBC0JfR5Ai6lZSkB0s2n4kGNk=,CU0dHU4IDyEzwyoSVyw1krILVec=
-108,10,FFEBC0JfR5Ai6lZSkB0s2n4kGNk=,CU0dHU4IDyEzwyoSVyw1krILVec=
-109,10,FFEBC0JfR5Ai6lZSkB0s2n4kGNk=,CU0dHU4IDyEzwyoSVyw1krILVec=
-110,10,FFEBC0JfR5Ai6lZSkB0s2n4kGNk=,CU0dHU4IDyEzwyoSVyw1krILVec=
-111,10,FFEBC0JfR5Ai6lZSkB0s2n4kGNk=,CU0dHU4IDyEzwyoSVyw1krILVec=
-103,1,FFEBC0JfR5Ai6lZSkB0s2n4kGNk=,CU0dHU4IDyEzwyoSVyw1krILVec=
-112,10,FFEBC0JfR5Ai6lZSkB0s2n4kGNk=,CU0dHU4IDyEzwyoSVyw1krILVec=
-97,9,FFEBC0JfR5Ai6lZSkB0s2n4kGNk=,CU0dHU4IDyEzwyoSVyw1krILVec=
-98,9,FFEBC0JfR5Ai6lZSkB0s2n4kGNk=,CU0dHU4IDyEzwyoSVyw1krILVec=
-99,9,FFEBC0JfR5Ai6lZSkB0s2n4kGNk=,CU0dHU4IDyEzwyoSVyw1krILVec=
-100,9,FFEBC0JfR5Ai6lZSkB0s2n4kGNk=,CU0dHU4IDyEzwyoSVyw1krILVec=
-101,9,FFEBC0JfR5Ai6lZSkB0s2n4kGNk=,CU0dHU4IDyEzwyoSVyw1krILVec=
-102,9,FFEBC0JfR5Ai6lZSkB0s2n4kGNk=,CU0dHU4IDyEzwyoSVyw1krILVec=
-103,9,FFEBC0JfR5Ai6lZSkB0s2n4kGNk=,CU0dHU4IDyEzwyoSVyw1krILVec=
-104,9,FFEBC0JfR5Ai6lZSkB0s2n4kGNk=,CU0dHU4IDyEzwyoSVyw1krILVec=
-105,9,FFEBC0JfR5Ai6lZSkB0s2n4kGNk=,CU0dHU4IDyEzwyoSVyw1krILVec=
-101,0,FFEBC0JfR5Ai6lZSkB0s2n4kGNk=,CU0dHU4IDyEzwyoSVyw1krILVec=
-108,3,FFEBC0JfR5Ai6lZSkB0s2n4kGNk=,CU0dHU4IDyEzwyoSVyw1krILVec=
-106,9,FFEBC0JfR5Ai6lZSkB0s2n4kGNk=,CU0dHU4IDyEzwyoSVyw1krILVec=
-107,9,FFEBC0JfR5Ai6lZSkB0s2n4kGNk=,CU0dHU4IDyEzwyoSVyw1krILVec=
-108,9,FFEBC0JfR5Ai6lZSkB0s2n4kGNk=,CU0dHU4IDyEzwyoSVyw1krILVec=
-109,9,FFEBC0JfR5Ai6lZSkB0s2n4kGNk=,CU0dHU4IDyEzwyoSVyw1krILVec=
-110,9,FFEBC0JfR5Ai6lZSkB0s2n4kGNk=,CU0dHU4IDyEzwyoSVyw1krILVec=
-111,9,FFEBC0JfR5Ai6lZSkB0s2n4kGNk=,CU0dHU4IDyEzwyoSVyw1krILVec=
-112,9,FFEBC0JfR5Ai6lZSkB0s2n4kGNk=,CU0dHU4IDyEzwyoSVyw1krILVec=
-104,1,FFEBC0JfR5Ai6lZSkB0s2n4kGNk=,CU0dHU4IDyEzwyoSVyw1krILVec=
-97,8,FFEBC0JfR5Ai6lZSkB0s2n4kGNk=,CU0dHU4IDyEzwyoSVyw1krILVec=
-107,3,FFEBC0JfR5Ai6lZSkB0s2n4kGNk=,CU0dHU4IDyEzwyoSVyw1krILVec=
-98,8,FFEBC0JfR5Ai6lZSkB0s2n4kGNk=,CU0dHU4IDyEzwyoSVyw1krILVec=
-100,8,FFEBC0JfR5Ai6lZSkB0s2n4kGNk=,CU0dHU4IDyEzwyoSVyw1krILVec=
-99,8,FFEBC0JfR5Ai6lZSkB0s2n4kGNk=,CU0dHU4IDyEzwyoSVyw1krILVec=
-102,8,FFEBC0JfR5Ai6lZSkB0s2n4kGNk=,CU0dHU4IDyEzwyoSVyw1krILVec=
-101,8,FFEBC0JfR5Ai6lZSkB0s2n4kGNk=,CU0dHU4IDyEzwyoSVyw1krILVec=
-103,8,FFEBC0JfR5Ai6lZSkB0s2n4kGNk=,CU0dHU4IDyEzwyoSVyw1krILVec=
-102,0,FFEBC0JfR5Ai6lZSkB0s2n4kGNk=,CU0dHU4IDyEzwyoSVyw1krILVec=
-109,3,FFEBC0JfR5Ai6lZSkB0s2n4kGNk=,CU0dHU4IDyEzwyoSVyw1krILVec=
-105,8,FFEBC0JfR5Ai6lZSkB0s2n4kGNk=,CU0dHU4IDyEzwyoSVyw1krILVec=
-106,8,FFEBC0JfR5Ai6lZSkB0s2n4kGNk=,CU0dHU4IDyEzwyoSVyw1krILVec=
-107,8,FFEBC0JfR5Ai6lZSkB0s2n4kGNk=,CU0dHU4IDyEzwyoSVyw1krILVec=
-108,8,FFEBC0JfR5Ai6lZSkB0s2n4kGNk=,CU0dHU4IDyEzwyoSVyw1krILVec=
-104,8,FFEBC0JfR5Ai6lZSkB0s2n4kGNk=,CU0dHU4IDyEzwyoSVyw1krILVec=
-110,8,FFEBC0JfR5Ai6lZSkB0s2n4kGNk=,CU0dHU4IDyEzwyoSVyw1krILVec=
-109,8,FFEBC0JfR5Ai6lZSkB0s2n4kGNk=,CU0dHU4IDyEzwyoSVyw1krILVec=
-105,1,FFEBC0JfR5Ai6lZSkB0s2n4kGNk=,CU0dHU4IDyEzwyoSVyw1krILVec=
-111,8,FFEBC0JfR5Ai6lZSkB0s2n4kGNk=,CU0dHU4IDyEzwyoSVyw1krILVec=
-97,7,FFEBC0JfR5Ai6lZSkB0s2n4kGNk=,CU0dHU4IDyEzwyoSVyw1krILVec=
-112,8,FFEBC0JfR5Ai6lZSkB0s2n4kGNk=,CU0dHU4IDyEzwyoSVyw1krILVec=
-99,3,FFEBC0JfR5Ai6lZSkB0s2n4kGNk=,CU0dHU4IDyEzwyoSVyw1krILVec=
-98,7,FFEBC0JfR5Ai6lZSkB0s2n4kGNk=,CU0dHU4IDyEzwyoSVyw1krILVec=
-99,7,FFEBC0JfR5Ai6lZSkB0s2n4kGNk=,CU0dHU4IDyEzwyoSVyw1krILVec=
-101,7,FFEBC0JfR5Ai6lZSkB0s2n4kGNk=,CU0dHU4IDyEzwyoSVyw1krILVec=
-102,7,FFEBC0JfR5Ai6lZSkB0s2n4kGNk=,CU0dHU4IDyEzwyoSVyw1krILVec=
-98,3,FFEBC0JfR5Ai6lZSkB0s2n4kGNk=,CU0dHU4IDyEzwyoSVyw1krILVec=
-97,3,FFEBC0JfR5Ai6lZSkB0s2n4kGNk=,CU0dHU4IDyEzwyoSVyw1krILVec=
-107,0,FFEBC0JfR5Ai6lZSkB0s2n4kGNk=,CU0dHU4IDyEzwyoSVyw1krILVec=
-110,1,FFEBC0JfR5Ai6lZSkB0s2n4kGNk=,CU0dHU4IDyEzwyoSVyw1krILVec=
-100,7,FFEBC0JfR5Ai6lZSkB0s2n4kGNk=,CU0dHU4IDyEzwyoSVyw1krILVec=
-103,0,FFEBC0JfR5Ai6lZSkB0s2n4kGNk=,CU0dHU4IDyEzwyoSVyw1krILVec=
-110,3,FFEBC0JfR5Ai6lZSkB0s2n4kGNk=,CU0dHU4IDyEzwyoSVyw1krILVec=
-103,7,FFEBC0JfR5Ai6lZSkB0s2n4kGNk=,CU0dHU4IDyEzwyoSVyw1krILVec=
-105,7,FFEBC0JfR5Ai6lZSkB0s2n4kGNk=,CU0dHU4IDyEzwyoSVyw1krILVec=
-112,4,FFEBC0JfR5Ai6lZSkB0s2n4kGNk=,CU0dHU4IDyEzwyoSVyw1krILVec=
-104,7,FFEBC0JfR5Ai6lZSkB0s2n4kGNk=,CU0dHU4IDyEzwyoSVyw1krILVec=
-106,7,FFEBC0JfR5Ai6lZSkB0s2n4kGNk=,CU0dHU4IDyEzwyoSVyw1krILVec=
-107,7,FFEBC0JfR5Ai6lZSkB0s2n4kGNk=,CU0dHU4IDyEzwyoSVyw1krILVec=
-109,7,FFEBC0JfR5Ai6lZSkB0s2n4kGNk=,CU0dHU4IDyEzwyoSVyw1krILVec=
-111,4,FFEBC0JfR5Ai6lZSkB0s2n4kGNk=,CU0dHU4IDyEzwyoSVyw1krILVec=
-108,7,FFEBC0JfR5Ai6lZSkB0s2n4kGNk=,CU0dHU4IDyEzwyoSVyw1krILVec=
-110,4,FFEBC0JfR5Ai6lZSkB0s2n4kGNk=,CU0dHU4IDyEzwyoSVyw1krILVec=
-109,4,FFEBC0JfR5Ai6lZSkB0s2n4kGNk=,CU0dHU4IDyEzwyoSVyw1krILVec=
-110,7,FFEBC0JfR5Ai6lZSkB0s2n4kGNk=,CU0dHU4IDyEzwyoSVyw1krILVec=
-106,1,FFEBC0JfR5Ai6lZSkB0s2n4kGNk=,CU0dHU4IDyEzwyoSVyw1krILVec=
-108,4,FFEBC0JfR5Ai6lZSkB0s2n4kGNk=,CU0dHU4IDyEzwyoSVyw1krILVec=
-111,7,FFEBC0JfR5Ai6lZSkB0s2n4kGNk=,CU0dHU4IDyEzwyoSVyw1krILVec=
-107,4,FFEBC0JfR5Ai6lZSkB0s2n4kGNk=,CU0dHU4IDyEzwyoSVyw1krILVec=
-97,6,FFEBC0JfR5Ai6lZSkB0s2n4kGNk=,CU0dHU4IDyEzwyoSVyw1krILVec=
-112,7,FFEBC0JfR5Ai6lZSkB0s2n4kGNk=,CU0dHU4IDyEzwyoSVyw1krILVec=
-98,6,FFEBC0JfR5Ai6lZSkB0s2n4kGNk=,CU0dHU4IDyEzwyoSVyw1krILVec=
-106,4,FFEBC0JfR5Ai6lZSkB0s2n4kGNk=,CU0dHU4IDyEzwyoSVyw1krILVec=
-99,6,FFEBC0JfR5Ai6lZSkB0s2n4kGNk=,CU0dHU4IDyEzwyoSVyw1krILVec=
-100,6,FFEBC0JfR5Ai6lZSkB0s2n4kGNk=,CU0dHU4IDyEzwyoSVyw1krILVec=
-101,6,FFEBC0JfR5Ai6lZSkB0s2n4kGNk=,CU0dHU4IDyEzwyoSVyw1krILVec=
-104,0,FFEBC0JfR5Ai6lZSkB0s2n4kGNk=,CU0dHU4IDyEzwyoSVyw1krILVec=
-111,3,FFEBC0JfR5Ai6lZSkB0s2n4kGNk=,CU0dHU4IDyEzwyoSVyw1krILVec=
-103,6,FFEBC0JfR5Ai6lZSkB0s2n4kGNk=,CU0dHU4IDyEzwyoSVyw1krILVec=
-105,4,FFEBC0JfR5Ai6lZSkB0s2n4kGNk=,CU0dHU4IDyEzwyoSVyw1krILVec=
-104,6,FFEBC0JfR5Ai6lZSkB0s2n4kGNk=,CU0dHU4IDyEzwyoSVyw1krILVec=
-105,6,FFEBC0JfR5Ai6lZSkB0s2n4kGNk=,CU0dHU4IDyEzwyoSVyw1krILVec=
-106,6,FFEBC0JfR5Ai6lZSkB0s2n4kGNk=,CU0dHU4IDyEzwyoSVyw1krILVec=
-104,4,FFEBC0JfR5Ai6lZSkB0s2n4kGNk=,CU0dHU4IDyEzwyoSVyw1krILVec=
-103,4,FFEBC0JfR5Ai6lZSkB0s2n4kGNk=,CU0dHU4IDyEzwyoSVyw1krILVec=
-102,6,FFEBC0JfR5Ai6lZSkB0s2n4kGNk=,CU0dHU4IDyEzwyoSVyw1krILVec=
-102,4,FFEBC0JfR5Ai6lZSkB0s2n4kGNk=,CU0dHU4IDyEzwyoSVyw1krILVec=
-97,2,FFEBC0JfR5Ai6lZSkB0s2n4kGNk=,CU0dHU4IDyEzwyoSVyw1krILVec=
-107,6,FFEBC0JfR5Ai6lZSkB0s2n4kGNk=,CU0dHU4IDyEzwyoSVyw1krILVec=
-101,4,FFEBC0JfR5Ai6lZSkB0s2n4kGNk=,CU0dHU4IDyEzwyoSVyw1krILVec=
-106,0,FFEBC0JfR5Ai6lZSkB0s2n4kGNk=,CU0dHU4IDyEzwyoSVyw1krILVec=
-108,6,FFEBC0JfR5Ai6lZSkB0s2n4kGNk=,CU0dHU4IDyEzwyoSVyw1krILVec=
-109,6,FFEBC0JfR5Ai6lZSkB0s2n4kGNk=,CU0dHU4IDyEzwyoSVyw1krILVec=
-100,4,FFEBC0JfR5Ai6lZSkB0s2n4kGNk=,CU0dHU4IDyEzwyoSVyw1krILVec=
-110,6,FFEBC0JfR5Ai6lZSkB0s2n4kGNk=,CU0dHU4IDyEzwyoSVyw1krILVec=
-107,1,FFEBC0JfR5Ai6lZSkB0s2n4kGNk=,CU0dHU4IDyEzwyoSVyw1krILVec=
-111,6,FFEBC0JfR5Ai6lZSkB0s2n4kGNk=,CU0dHU4IDyEzwyoSVyw1krILVec=
-97,5,FFEBC0JfR5Ai6lZSkB0s2n4kGNk=,CU0dHU4IDyEzwyoSVyw1krILVec=
-99,4,FFEBC0JfR5Ai6lZSkB0s2n4kGNk=,CU0dHU4IDyEzwyoSVyw1krILVec=
-98,5,FFEBC0JfR5Ai6lZSkB0s2n4kGNk=,CU0dHU4IDyEzwyoSVyw1krILVec=
-98,4,FFEBC0JfR5Ai6lZSkB0s2n4kGNk=,CU0dHU4IDyEzwyoSVyw1krILVec=
-99,5,FFEBC0JfR5Ai6lZSkB0s2n4kGNk=,CU0dHU4IDyEzwyoSVyw1krILVec=
-112,6,FFEBC0JfR5Ai6lZSkB0s2n4kGNk=,CU0dHU4IDyEzwyoSVyw1krILVec=
-97,4,FFEBC0JfR5Ai6lZSkB0s2n4kGNk=,CU0dHU4IDyEzwyoSVyw1krILVec=
-100,5,FFEBC0JfR5Ai6lZSkB0s2n4kGNk=,CU0dHU4IDyEzwyoSVyw1krILVec=
-105,0,FFEBC0JfR5Ai6lZSkB0s2n4kGNk=,CU0dHU4IDyEzwyoSVyw1krILVec=
-108,1,FFEBC0JfR5Ai6lZSkB0s2n4kGNk=,CU0dHU4IDyEzwyoSVyw1krILVec=
-112,3,FFEBC0JfR5Ai6lZSkB0s2n4kGNk=,CU0dHU4IDyEzwyoSVyw1krILVec=
-101,5,FFEBC0JfR5Ai6lZSkB0s2n4kGNk=,CU0dHU4IDyEzwyoSVyw1krILVec=
-102,5,FFEBC0JfR5Ai6lZSkB0s2n4kGNk=,CU0dHU4IDyEzwyoSVyw1krILVec=
-103,5,FFEBC0JfR5Ai6lZSkB0s2n4kGNk=,CU0dHU4IDyEzwyoSVyw1krILVec=
-104,5,FFEBC0JfR5Ai6lZSkB0s2n4kGNk=,CU0dHU4IDyEzwyoSVyw1krILVec=
-112,5,FFEBC0JfR5Ai6lZSkB0s2n4kGNk=,CU0dHU4IDyEzwyoSVyw1krILVec=
-109,1,FFEBC0JfR5Ai6lZSkB0s2n4kGNk=,CU0dHU4IDyEzwyoSVyw1krILVec=
-112,0,FFEBC0JfR5Ai6lZSkB0s2n4kGNk=,CU0dHU4IDyEzwyoSVyw1krILVec=
-105,5,FFEBC0JfR5Ai6lZSkB0s2n4kGNk=,CU0dHU4IDyEzwyoSVyw1krILVec=
-106,5,FFEBC0JfR5Ai6lZSkB0s2n4kGNk=,CU0dHU4IDyEzwyoSVyw1krILVec=
-111,5,FFEBC0JfR5Ai6lZSkB0s2n4kGNk=,CU0dHU4IDyEzwyoSVyw1krILVec=
-108,5,FFEBC0JfR5Ai6lZSkB0s2n4kGNk=,CU0dHU4IDyEzwyoSVyw1krILVec=
-107,5,FFEBC0JfR5Ai6lZSkB0s2n4kGNk=,CU0dHU4IDyEzwyoSVyw1krILVec=
-109,5,FFEBC0JfR5Ai6lZSkB0s2n4kGNk=,CU0dHU4IDyEzwyoSVyw1krILVec=
-110,5,FFEBC0JfR5Ai6lZSkB0s2n4kGNk=,CU0dHU4IDyEzwyoSVyw1krILVec=
-113,31,b2hwj8+AMk3JJMIWG0d76etvOv0=,YscbsI2uydc9eMrb3ir7ZVIX+Vo=
-114,31,b2hwj8+AMk3JJMIWG0d76etvOv0=,YscbsI2uydc9eMrb3ir7ZVIX+Vo=
-115,18,b2hwj8+AMk3JJMIWG0d76etvOv0=,YscbsI2uydc9eMrb3ir7ZVIX+Vo=
-115,31,b2hwj8+AMk3JJMIWG0d76etvOv0=,YscbsI2uydc9eMrb3ir7ZVIX+Vo=
-125,16,r85vViAO7LeyXXNGH/1qb3DqE9w=,YscbsI2uydc9eMrb3ir7ZVIX+Vo=
-116,31,r85vViAO7LeyXXNGH/1qb3DqE9w=,YscbsI2uydc9eMrb3ir7ZVIX+Vo=
-114,18,r85vViAO7LeyXXNGH/1qb3DqE9w=,YscbsI2uydc9eMrb3ir7ZVIX+Vo=
-113,18,r85vViAO7LeyXXNGH/1qb3DqE9w=,YscbsI2uydc9eMrb3ir7ZVIX+Vo=
-128,19,r85vViAO7LeyXXNGH/1qb3DqE9w=,YscbsI2uydc9eMrb3ir7ZVIX+Vo=
-127,19,r85vViAO7LeyXXNGH/1qb3DqE9w=,YscbsI2uydc9eMrb3ir7ZVIX+Vo=
-126,19,r85vViAO7LeyXXNGH/1qb3DqE9w=,YscbsI2uydc9eMrb3ir7ZVIX+Vo=
-125,19,r85vViAO7LeyXXNGH/1qb3DqE9w=,YscbsI2uydc9eMrb3ir7ZVIX+Vo=
-124,19,r85vViAO7LeyXXNGH/1qb3DqE9w=,YscbsI2uydc9eMrb3ir7ZVIX+Vo=
-128,18,r85vViAO7LeyXXNGH/1qb3DqE9w=,YscbsI2uydc9eMrb3ir7ZVIX+Vo=
-124,16,r85vViAO7LeyXXNGH/1qb3DqE9w=,YscbsI2uydc9eMrb3ir7ZVIX+Vo=
-123,19,r85vViAO7LeyXXNGH/1qb3DqE9w=,YscbsI2uydc9eMrb3ir7ZVIX+Vo=
-122,19,r85vViAO7LeyXXNGH/1qb3DqE9w=,YscbsI2uydc9eMrb3ir7ZVIX+Vo=
-121,19,r85vViAO7LeyXXNGH/1qb3DqE9w=,YscbsI2uydc9eMrb3ir7ZVIX+Vo=
-120,19,r85vViAO7LeyXXNGH/1qb3DqE9w=,YscbsI2uydc9eMrb3ir7ZVIX+Vo=
-119,19,r85vViAO7LeyXXNGH/1qb3DqE9w=,YscbsI2uydc9eMrb3ir7ZVIX+Vo=
-118,31,r85vViAO7LeyXXNGH/1qb3DqE9w=,YscbsI2uydc9eMrb3ir7ZVIX+Vo=
-119,31,r85vViAO7LeyXXNGH/1qb3DqE9w=,YscbsI2uydc9eMrb3ir7ZVIX+Vo=
-120,31,r85vViAO7LeyXXNGH/1qb3DqE9w=,YscbsI2uydc9eMrb3ir7ZVIX+Vo=
-121,31,r85vViAO7LeyXXNGH/1qb3DqE9w=,YscbsI2uydc9eMrb3ir7ZVIX+Vo=
-122,31,r85vViAO7LeyXXNGH/1qb3DqE9w=,YscbsI2uydc9eMrb3ir7ZVIX+Vo=
-123,31,r85vViAO7LeyXXNGH/1qb3DqE9w=,YscbsI2uydc9eMrb3ir7ZVIX+Vo=
-124,31,r85vViAO7LeyXXNGH/1qb3DqE9w=,YscbsI2uydc9eMrb3ir7ZVIX+Vo=
-113,17,r85vViAO7LeyXXNGH/1qb3DqE9w=,YscbsI2uydc9eMrb3ir7ZVIX+Vo=
-114,17,r85vViAO7LeyXXNGH/1qb3DqE9w=,YscbsI2uydc9eMrb3ir7ZVIX+Vo=
-115,17,r85vViAO7LeyXXNGH/1qb3DqE9w=,YscbsI2uydc9eMrb3ir7ZVIX+Vo=
-118,19,r85vViAO7LeyXXNGH/1qb3DqE9w=,YscbsI2uydc9eMrb3ir7ZVIX+Vo=
-128,16,r85vViAO7LeyXXNGH/1qb3DqE9w=,YscbsI2uydc9eMrb3ir7ZVIX+Vo=
-116,17,r85vViAO7LeyXXNGH/1qb3DqE9w=,YscbsI2uydc9eMrb3ir7ZVIX+Vo=
-117,19,r85vViAO7LeyXXNGH/1qb3DqE9w=,YscbsI2uydc9eMrb3ir7ZVIX+Vo=
-116,19,r85vViAO7LeyXXNGH/1qb3DqE9w=,YscbsI2uydc9eMrb3ir7ZVIX+Vo=
-115,19,r85vViAO7LeyXXNGH/1qb3DqE9w=,YscbsI2uydc9eMrb3ir7ZVIX+Vo=
-114,19,r85vViAO7LeyXXNGH/1qb3DqE9w=,YscbsI2uydc9eMrb3ir7ZVIX+Vo=
-127,18,r85vViAO7LeyXXNGH/1qb3DqE9w=,YscbsI2uydc9eMrb3ir7ZVIX+Vo=
-113,19,r85vViAO7LeyXXNGH/1qb3DqE9w=,YscbsI2uydc9eMrb3ir7ZVIX+Vo=
-117,17,r85vViAO7LeyXXNGH/1qb3DqE9w=,YscbsI2uydc9eMrb3ir7ZVIX+Vo=
-128,20,r85vViAO7LeyXXNGH/1qb3DqE9w=,YscbsI2uydc9eMrb3ir7ZVIX+Vo=
-127,20,r85vViAO7LeyXXNGH/1qb3DqE9w=,YscbsI2uydc9eMrb3ir7ZVIX+Vo=
-126,20,r85vViAO7LeyXXNGH/1qb3DqE9w=,YscbsI2uydc9eMrb3ir7ZVIX+Vo=
-125,20,r85vViAO7LeyXXNGH/1qb3DqE9w=,YscbsI2uydc9eMrb3ir7ZVIX+Vo=
-126,18,r85vViAO7LeyXXNGH/1qb3DqE9w=,YscbsI2uydc9eMrb3ir7ZVIX+Vo=
-123,16,r85vViAO7LeyXXNGH/1qb3DqE9w=,YscbsI2uydc9eMrb3ir7ZVIX+Vo=
-124,20,r85vViAO7LeyXXNGH/1qb3DqE9w=,YscbsI2uydc9eMrb3ir7ZVIX+Vo=
-123,20,r85vViAO7LeyXXNGH/1qb3DqE9w=,YscbsI2uydc9eMrb3ir7ZVIX+Vo=
-122,20,r85vViAO7LeyXXNGH/1qb3DqE9w=,YscbsI2uydc9eMrb3ir7ZVIX+Vo=
-121,20,r85vViAO7LeyXXNGH/1qb3DqE9w=,YscbsI2uydc9eMrb3ir7ZVIX+Vo=
-120,20,r85vViAO7LeyXXNGH/1qb3DqE9w=,YscbsI2uydc9eMrb3ir7ZVIX+Vo=
-119,20,r85vViAO7LeyXXNGH/1qb3DqE9w=,YscbsI2uydc9eMrb3ir7ZVIX+Vo=
-118,17,r85vViAO7LeyXXNGH/1qb3DqE9w=,YscbsI2uydc9eMrb3ir7ZVIX+Vo=
-117,31,r85vViAO7LeyXXNGH/1qb3DqE9w=,YscbsI2uydc9eMrb3ir7ZVIX+Vo=
-125,31,r85vViAO7LeyXXNGH/1qb3DqE9w=,YscbsI2uydc9eMrb3ir7ZVIX+Vo=
-119,17,r85vViAO7LeyXXNGH/1qb3DqE9w=,YscbsI2uydc9eMrb3ir7ZVIX+Vo=
-126,31,r85vViAO7LeyXXNGH/1qb3DqE9w=,YscbsI2uydc9eMrb3ir7ZVIX+Vo=
-127,31,r85vViAO7LeyXXNGH/1qb3DqE9w=,YscbsI2uydc9eMrb3ir7ZVIX+Vo=
-127,17,r85vViAO7LeyXXNGH/1qb3DqE9w=,YscbsI2uydc9eMrb3ir7ZVIX+Vo=
-118,20,r85vViAO7LeyXXNGH/1qb3DqE9w=,YscbsI2uydc9eMrb3ir7ZVIX+Vo=
-121,17,r85vViAO7LeyXXNGH/1qb3DqE9w=,YscbsI2uydc9eMrb3ir7ZVIX+Vo=
-122,17,r85vViAO7LeyXXNGH/1qb3DqE9w=,YscbsI2uydc9eMrb3ir7ZVIX+Vo=
-123,17,r85vViAO7LeyXXNGH/1qb3DqE9w=,YscbsI2uydc9eMrb3ir7ZVIX+Vo=
-124,17,r85vViAO7LeyXXNGH/1qb3DqE9w=,YscbsI2uydc9eMrb3ir7ZVIX+Vo=
-125,17,r85vViAO7LeyXXNGH/1qb3DqE9w=,YscbsI2uydc9eMrb3ir7ZVIX+Vo=
-128,31,r85vViAO7LeyXXNGH/1qb3DqE9w=,YscbsI2uydc9eMrb3ir7ZVIX+Vo=
-126,17,r85vViAO7LeyXXNGH/1qb3DqE9w=,YscbsI2uydc9eMrb3ir7ZVIX+Vo=
-113,30,r85vViAO7LeyXXNGH/1qb3DqE9w=,YscbsI2uydc9eMrb3ir7ZVIX+Vo=
-114,30,r85vViAO7LeyXXNGH/1qb3DqE9w=,YscbsI2uydc9eMrb3ir7ZVIX+Vo=
-126,16,r85vViAO7LeyXXNGH/1qb3DqE9w=,YscbsI2uydc9eMrb3ir7ZVIX+Vo=
-116,18,r85vViAO7LeyXXNGH/1qb3DqE9w=,YscbsI2uydc9eMrb3ir7ZVIX+Vo=
-120,17,r85vViAO7LeyXXNGH/1qb3DqE9w=,YscbsI2uydc9eMrb3ir7ZVIX+Vo=
-117,20,r85vViAO7LeyXXNGH/1qb3DqE9w=,YscbsI2uydc9eMrb3ir7ZVIX+Vo=
-115,30,r85vViAO7LeyXXNGH/1qb3DqE9w=,YscbsI2uydc9eMrb3ir7ZVIX+Vo=
-116,20,r85vViAO7LeyXXNGH/1qb3DqE9w=,YscbsI2uydc9eMrb3ir7ZVIX+Vo=
-115,20,r85vViAO7LeyXXNGH/1qb3DqE9w=,YscbsI2uydc9eMrb3ir7ZVIX+Vo=
-114,20,r85vViAO7LeyXXNGH/1qb3DqE9w=,YscbsI2uydc9eMrb3ir7ZVIX+Vo=
-113,20,r85vViAO7LeyXXNGH/1qb3DqE9w=,YscbsI2uydc9eMrb3ir7ZVIX+Vo=
-122,16,r85vViAO7LeyXXNGH/1qb3DqE9w=,YscbsI2uydc9eMrb3ir7ZVIX+Vo=
-128,21,r85vViAO7LeyXXNGH/1qb3DqE9w=,YscbsI2uydc9eMrb3ir7ZVIX+Vo=
-127,21,r85vViAO7LeyXXNGH/1qb3DqE9w=,YscbsI2uydc9eMrb3ir7ZVIX+Vo=
-126,21,r85vViAO7LeyXXNGH/1qb3DqE9w=,YscbsI2uydc9eMrb3ir7ZVIX+Vo=
-117,30,r85vViAO7LeyXXNGH/1qb3DqE9w=,YscbsI2uydc9eMrb3ir7ZVIX+Vo=
-125,21,r85vViAO7LeyXXNGH/1qb3DqE9w=,YscbsI2uydc9eMrb3ir7ZVIX+Vo=
-124,21,r85vViAO7LeyXXNGH/1qb3DqE9w=,YscbsI2uydc9eMrb3ir7ZVIX+Vo=
-125,18,r85vViAO7LeyXXNGH/1qb3DqE9w=,YscbsI2uydc9eMrb3ir7ZVIX+Vo=
-118,30,r85vViAO7LeyXXNGH/1qb3DqE9w=,YscbsI2uydc9eMrb3ir7ZVIX+Vo=
-119,30,r85vViAO7LeyXXNGH/1qb3DqE9w=,YscbsI2uydc9eMrb3ir7ZVIX+Vo=
-120,30,r85vViAO7LeyXXNGH/1qb3DqE9w=,YscbsI2uydc9eMrb3ir7ZVIX+Vo=
-121,30,r85vViAO7LeyXXNGH/1qb3DqE9w=,YscbsI2uydc9eMrb3ir7ZVIX+Vo=
-122,30,r85vViAO7LeyXXNGH/1qb3DqE9w=,YscbsI2uydc9eMrb3ir7ZVIX+Vo=
-123,30,r85vViAO7LeyXXNGH/1qb3DqE9w=,YscbsI2uydc9eMrb3ir7ZVIX+Vo=
-124,30,r85vViAO7LeyXXNGH/1qb3DqE9w=,YscbsI2uydc9eMrb3ir7ZVIX+Vo=
-125,30,r85vViAO7LeyXXNGH/1qb3DqE9w=,YscbsI2uydc9eMrb3ir7ZVIX+Vo=
-126,30,r85vViAO7LeyXXNGH/1qb3DqE9w=,YscbsI2uydc9eMrb3ir7ZVIX+Vo=
-127,30,r85vViAO7LeyXXNGH/1qb3DqE9w=,YscbsI2uydc9eMrb3ir7ZVIX+Vo=
-128,30,r85vViAO7LeyXXNGH/1qb3DqE9w=,YscbsI2uydc9eMrb3ir7ZVIX+Vo=
-113,29,r85vViAO7LeyXXNGH/1qb3DqE9w=,YscbsI2uydc9eMrb3ir7ZVIX+Vo=
-114,29,r85vViAO7LeyXXNGH/1qb3DqE9w=,YscbsI2uydc9eMrb3ir7ZVIX+Vo=
-128,17,r85vViAO7LeyXXNGH/1qb3DqE9w=,YscbsI2uydc9eMrb3ir7ZVIX+Vo=
-115,29,r85vViAO7LeyXXNGH/1qb3DqE9w=,YscbsI2uydc9eMrb3ir7ZVIX+Vo=
-113,16,r85vViAO7LeyXXNGH/1qb3DqE9w=,YscbsI2uydc9eMrb3ir7ZVIX+Vo=
-117,18,r85vViAO7LeyXXNGH/1qb3DqE9w=,YscbsI2uydc9eMrb3ir7ZVIX+Vo=
-121,16,r85vViAO7LeyXXNGH/1qb3DqE9w=,YscbsI2uydc9eMrb3ir7ZVIX+Vo=
-116,29,r85vViAO7LeyXXNGH/1qb3DqE9w=,YscbsI2uydc9eMrb3ir7ZVIX+Vo=
-123,21,r85vViAO7LeyXXNGH/1qb3DqE9w=,YscbsI2uydc9eMrb3ir7ZVIX+Vo=
-122,21,r85vViAO7LeyXXNGH/1qb3DqE9w=,YscbsI2uydc9eMrb3ir7ZVIX+Vo=
-121,21,r85vViAO7LeyXXNGH/1qb3DqE9w=,YscbsI2uydc9eMrb3ir7ZVIX+Vo=
-120,21,r85vViAO7LeyXXNGH/1qb3DqE9w=,YscbsI2uydc9eMrb3ir7ZVIX+Vo=
-119,21,r85vViAO7LeyXXNGH/1qb3DqE9w=,YscbsI2uydc9eMrb3ir7ZVIX+Vo=
-117,29,r85vViAO7LeyXXNGH/1qb3DqE9w=,YscbsI2uydc9eMrb3ir7ZVIX+Vo=
-118,21,r85vViAO7LeyXXNGH/1qb3DqE9w=,YscbsI2uydc9eMrb3ir7ZVIX+Vo=
-119,29,r85vViAO7LeyXXNGH/1qb3DqE9w=,YscbsI2uydc9eMrb3ir7ZVIX+Vo=
-120,29,r85vViAO7LeyXXNGH/1qb3DqE9w=,YscbsI2uydc9eMrb3ir7ZVIX+Vo=
-121,29,r85vViAO7LeyXXNGH/1qb3DqE9w=,YscbsI2uydc9eMrb3ir7ZVIX+Vo=
-122,29,r85vViAO7LeyXXNGH/1qb3DqE9w=,YscbsI2uydc9eMrb3ir7ZVIX+Vo=
-123,29,r85vViAO7LeyXXNGH/1qb3DqE9w=,YscbsI2uydc9eMrb3ir7ZVIX+Vo=
-124,29,r85vViAO7LeyXXNGH/1qb3DqE9w=,YscbsI2uydc9eMrb3ir7ZVIX+Vo=
-125,29,r85vViAO7LeyXXNGH/1qb3DqE9w=,YscbsI2uydc9eMrb3ir7ZVIX+Vo=
-126,29,r85vViAO7LeyXXNGH/1qb3DqE9w=,YscbsI2uydc9eMrb3ir7ZVIX+Vo=
-127,29,r85vViAO7LeyXXNGH/1qb3DqE9w=,YscbsI2uydc9eMrb3ir7ZVIX+Vo=
-128,29,r85vViAO7LeyXXNGH/1qb3DqE9w=,YscbsI2uydc9eMrb3ir7ZVIX+Vo=
-127,16,r85vViAO7LeyXXNGH/1qb3DqE9w=,YscbsI2uydc9eMrb3ir7ZVIX+Vo=
-113,28,r85vViAO7LeyXXNGH/1qb3DqE9w=,YscbsI2uydc9eMrb3ir7ZVIX+Vo=
-114,28,r85vViAO7LeyXXNGH/1qb3DqE9w=,YscbsI2uydc9eMrb3ir7ZVIX+Vo=
-115,28,r85vViAO7LeyXXNGH/1qb3DqE9w=,YscbsI2uydc9eMrb3ir7ZVIX+Vo=
-114,16,r85vViAO7LeyXXNGH/1qb3DqE9w=,YscbsI2uydc9eMrb3ir7ZVIX+Vo=
-116,28,r85vViAO7LeyXXNGH/1qb3DqE9w=,YscbsI2uydc9eMrb3ir7ZVIX+Vo=
-118,29,r85vViAO7LeyXXNGH/1qb3DqE9w=,YscbsI2uydc9eMrb3ir7ZVIX+Vo=
-118,18,r85vViAO7LeyXXNGH/1qb3DqE9w=,YscbsI2uydc9eMrb3ir7ZVIX+Vo=
-117,28,r85vViAO7LeyXXNGH/1qb3DqE9w=,YscbsI2uydc9eMrb3ir7ZVIX+Vo=
-117,21,r85vViAO7LeyXXNGH/1qb3DqE9w=,YscbsI2uydc9eMrb3ir7ZVIX+Vo=
-116,21,r85vViAO7LeyXXNGH/1qb3DqE9w=,YscbsI2uydc9eMrb3ir7ZVIX+Vo=
-115,21,r85vViAO7LeyXXNGH/1qb3DqE9w=,YscbsI2uydc9eMrb3ir7ZVIX+Vo=
-114,21,r85vViAO7LeyXXNGH/1qb3DqE9w=,YscbsI2uydc9eMrb3ir7ZVIX+Vo=
-113,21,r85vViAO7LeyXXNGH/1qb3DqE9w=,YscbsI2uydc9eMrb3ir7ZVIX+Vo=
-128,22,r85vViAO7LeyXXNGH/1qb3DqE9w=,YscbsI2uydc9eMrb3ir7ZVIX+Vo=
-127,22,r85vViAO7LeyXXNGH/1qb3DqE9w=,YscbsI2uydc9eMrb3ir7ZVIX+Vo=
-126,22,r85vViAO7LeyXXNGH/1qb3DqE9w=,YscbsI2uydc9eMrb3ir7ZVIX+Vo=
-125,22,r85vViAO7LeyXXNGH/1qb3DqE9w=,YscbsI2uydc9eMrb3ir7ZVIX+Vo=
-124,22,r85vViAO7LeyXXNGH/1qb3DqE9w=,YscbsI2uydc9eMrb3ir7ZVIX+Vo=
-123,22,r85vViAO7LeyXXNGH/1qb3DqE9w=,YscbsI2uydc9eMrb3ir7ZVIX+Vo=
-124,18,r85vViAO7LeyXXNGH/1qb3DqE9w=,YscbsI2uydc9eMrb3ir7ZVIX+Vo=
-119,28,r85vViAO7LeyXXNGH/1qb3DqE9w=,YscbsI2uydc9eMrb3ir7ZVIX+Vo=
-120,28,r85vViAO7LeyXXNGH/1qb3DqE9w=,YscbsI2uydc9eMrb3ir7ZVIX+Vo=
-121,28,r85vViAO7LeyXXNGH/1qb3DqE9w=,YscbsI2uydc9eMrb3ir7ZVIX+Vo=
-122,28,r85vViAO7LeyXXNGH/1qb3DqE9w=,YscbsI2uydc9eMrb3ir7ZVIX+Vo=
-123,28,r85vViAO7LeyXXNGH/1qb3DqE9w=,YscbsI2uydc9eMrb3ir7ZVIX+Vo=
-124,28,r85vViAO7LeyXXNGH/1qb3DqE9w=,YscbsI2uydc9eMrb3ir7ZVIX+Vo=
-125,28,r85vViAO7LeyXXNGH/1qb3DqE9w=,YscbsI2uydc9eMrb3ir7ZVIX+Vo=
-126,28,r85vViAO7LeyXXNGH/1qb3DqE9w=,YscbsI2uydc9eMrb3ir7ZVIX+Vo=
-127,28,r85vViAO7LeyXXNGH/1qb3DqE9w=,YscbsI2uydc9eMrb3ir7ZVIX+Vo=
-128,28,r85vViAO7LeyXXNGH/1qb3DqE9w=,YscbsI2uydc9eMrb3ir7ZVIX+Vo=
-113,27,r85vViAO7LeyXXNGH/1qb3DqE9w=,YscbsI2uydc9eMrb3ir7ZVIX+Vo=
-114,27,r85vViAO7LeyXXNGH/1qb3DqE9w=,YscbsI2uydc9eMrb3ir7ZVIX+Vo=
-115,27,r85vViAO7LeyXXNGH/1qb3DqE9w=,YscbsI2uydc9eMrb3ir7ZVIX+Vo=
-118,28,r85vViAO7LeyXXNGH/1qb3DqE9w=,YscbsI2uydc9eMrb3ir7ZVIX+Vo=
-115,16,r85vViAO7LeyXXNGH/1qb3DqE9w=,YscbsI2uydc9eMrb3ir7ZVIX+Vo=
-120,16,r85vViAO7LeyXXNGH/1qb3DqE9w=,YscbsI2uydc9eMrb3ir7ZVIX+Vo=
-122,22,r85vViAO7LeyXXNGH/1qb3DqE9w=,YscbsI2uydc9eMrb3ir7ZVIX+Vo=
-121,22,r85vViAO7LeyXXNGH/1qb3DqE9w=,YscbsI2uydc9eMrb3ir7ZVIX+Vo=
-120,22,r85vViAO7LeyXXNGH/1qb3DqE9w=,YscbsI2uydc9eMrb3ir7ZVIX+Vo=
-116,27,r85vViAO7LeyXXNGH/1qb3DqE9w=,YscbsI2uydc9eMrb3ir7ZVIX+Vo=
-119,22,r85vViAO7LeyXXNGH/1qb3DqE9w=,YscbsI2uydc9eMrb3ir7ZVIX+Vo=
-117,27,r85vViAO7LeyXXNGH/1qb3DqE9w=,YscbsI2uydc9eMrb3ir7ZVIX+Vo=
-119,18,r85vViAO7LeyXXNGH/1qb3DqE9w=,YscbsI2uydc9eMrb3ir7ZVIX+Vo=
-119,27,r85vViAO7LeyXXNGH/1qb3DqE9w=,YscbsI2uydc9eMrb3ir7ZVIX+Vo=
-120,27,r85vViAO7LeyXXNGH/1qb3DqE9w=,YscbsI2uydc9eMrb3ir7ZVIX+Vo=
-121,27,r85vViAO7LeyXXNGH/1qb3DqE9w=,YscbsI2uydc9eMrb3ir7ZVIX+Vo=
-122,27,r85vViAO7LeyXXNGH/1qb3DqE9w=,YscbsI2uydc9eMrb3ir7ZVIX+Vo=
-123,27,r85vViAO7LeyXXNGH/1qb3DqE9w=,YscbsI2uydc9eMrb3ir7ZVIX+Vo=
-124,27,r85vViAO7LeyXXNGH/1qb3DqE9w=,YscbsI2uydc9eMrb3ir7ZVIX+Vo=
-125,27,r85vViAO7LeyXXNGH/1qb3DqE9w=,YscbsI2uydc9eMrb3ir7ZVIX+Vo=
-126,27,r85vViAO7LeyXXNGH/1qb3DqE9w=,YscbsI2uydc9eMrb3ir7ZVIX+Vo=
-128,27,r85vViAO7LeyXXNGH/1qb3DqE9w=,YscbsI2uydc9eMrb3ir7ZVIX+Vo=
-127,27,r85vViAO7LeyXXNGH/1qb3DqE9w=,YscbsI2uydc9eMrb3ir7ZVIX+Vo=
-113,26,r85vViAO7LeyXXNGH/1qb3DqE9w=,YscbsI2uydc9eMrb3ir7ZVIX+Vo=
-114,26,r85vViAO7LeyXXNGH/1qb3DqE9w=,YscbsI2uydc9eMrb3ir7ZVIX+Vo=
-115,26,r85vViAO7LeyXXNGH/1qb3DqE9w=,YscbsI2uydc9eMrb3ir7ZVIX+Vo=
-118,22,r85vViAO7LeyXXNGH/1qb3DqE9w=,YscbsI2uydc9eMrb3ir7ZVIX+Vo=
-116,26,r85vViAO7LeyXXNGH/1qb3DqE9w=,YscbsI2uydc9eMrb3ir7ZVIX+Vo=
-118,27,r85vViAO7LeyXXNGH/1qb3DqE9w=,YscbsI2uydc9eMrb3ir7ZVIX+Vo=
-117,26,r85vViAO7LeyXXNGH/1qb3DqE9w=,YscbsI2uydc9eMrb3ir7ZVIX+Vo=
-116,16,r85vViAO7LeyXXNGH/1qb3DqE9w=,YscbsI2uydc9eMrb3ir7ZVIX+Vo=
-118,26,r85vViAO7LeyXXNGH/1qb3DqE9w=,YscbsI2uydc9eMrb3ir7ZVIX+Vo=
-120,18,r85vViAO7LeyXXNGH/1qb3DqE9w=,YscbsI2uydc9eMrb3ir7ZVIX+Vo=
-117,22,r85vViAO7LeyXXNGH/1qb3DqE9w=,YscbsI2uydc9eMrb3ir7ZVIX+Vo=
-120,26,r85vViAO7LeyXXNGH/1qb3DqE9w=,YscbsI2uydc9eMrb3ir7ZVIX+Vo=
-121,26,r85vViAO7LeyXXNGH/1qb3DqE9w=,YscbsI2uydc9eMrb3ir7ZVIX+Vo=
-122,26,r85vViAO7LeyXXNGH/1qb3DqE9w=,YscbsI2uydc9eMrb3ir7ZVIX+Vo=
-123,26,r85vViAO7LeyXXNGH/1qb3DqE9w=,YscbsI2uydc9eMrb3ir7ZVIX+Vo=
-124,26,r85vViAO7LeyXXNGH/1qb3DqE9w=,YscbsI2uydc9eMrb3ir7ZVIX+Vo=
-125,26,r85vViAO7LeyXXNGH/1qb3DqE9w=,YscbsI2uydc9eMrb3ir7ZVIX+Vo=
-126,26,r85vViAO7LeyXXNGH/1qb3DqE9w=,YscbsI2uydc9eMrb3ir7ZVIX+Vo=
-127,26,r85vViAO7LeyXXNGH/1qb3DqE9w=,YscbsI2uydc9eMrb3ir7ZVIX+Vo=
-128,26,r85vViAO7LeyXXNGH/1qb3DqE9w=,YscbsI2uydc9eMrb3ir7ZVIX+Vo=
-113,25,r85vViAO7LeyXXNGH/1qb3DqE9w=,YscbsI2uydc9eMrb3ir7ZVIX+Vo=
-114,25,r85vViAO7LeyXXNGH/1qb3DqE9w=,YscbsI2uydc9eMrb3ir7ZVIX+Vo=
-115,25,r85vViAO7LeyXXNGH/1qb3DqE9w=,YscbsI2uydc9eMrb3ir7ZVIX+Vo=
-116,25,r85vViAO7LeyXXNGH/1qb3DqE9w=,YscbsI2uydc9eMrb3ir7ZVIX+Vo=
-116,22,r85vViAO7LeyXXNGH/1qb3DqE9w=,YscbsI2uydc9eMrb3ir7ZVIX+Vo=
-115,22,r85vViAO7LeyXXNGH/1qb3DqE9w=,YscbsI2uydc9eMrb3ir7ZVIX+Vo=
-114,22,r85vViAO7LeyXXNGH/1qb3DqE9w=,YscbsI2uydc9eMrb3ir7ZVIX+Vo=
-128,23,r85vViAO7LeyXXNGH/1qb3DqE9w=,YscbsI2uydc9eMrb3ir7ZVIX+Vo=
-113,22,r85vViAO7LeyXXNGH/1qb3DqE9w=,YscbsI2uydc9eMrb3ir7ZVIX+Vo=
-127,23,r85vViAO7LeyXXNGH/1qb3DqE9w=,YscbsI2uydc9eMrb3ir7ZVIX+Vo=
-126,23,r85vViAO7LeyXXNGH/1qb3DqE9w=,YscbsI2uydc9eMrb3ir7ZVIX+Vo=
-125,23,r85vViAO7LeyXXNGH/1qb3DqE9w=,YscbsI2uydc9eMrb3ir7ZVIX+Vo=
-124,23,r85vViAO7LeyXXNGH/1qb3DqE9w=,YscbsI2uydc9eMrb3ir7ZVIX+Vo=
-123,23,r85vViAO7LeyXXNGH/1qb3DqE9w=,YscbsI2uydc9eMrb3ir7ZVIX+Vo=
-122,23,r85vViAO7LeyXXNGH/1qb3DqE9w=,YscbsI2uydc9eMrb3ir7ZVIX+Vo=
-123,18,r85vViAO7LeyXXNGH/1qb3DqE9w=,YscbsI2uydc9eMrb3ir7ZVIX+Vo=
-117,25,r85vViAO7LeyXXNGH/1qb3DqE9w=,YscbsI2uydc9eMrb3ir7ZVIX+Vo=
-119,26,r85vViAO7LeyXXNGH/1qb3DqE9w=,YscbsI2uydc9eMrb3ir7ZVIX+Vo=
-119,16,r85vViAO7LeyXXNGH/1qb3DqE9w=,YscbsI2uydc9eMrb3ir7ZVIX+Vo=
-121,23,r85vViAO7LeyXXNGH/1qb3DqE9w=,YscbsI2uydc9eMrb3ir7ZVIX+Vo=
-120,23,r85vViAO7LeyXXNGH/1qb3DqE9w=,YscbsI2uydc9eMrb3ir7ZVIX+Vo=
-118,25,r85vViAO7LeyXXNGH/1qb3DqE9w=,YscbsI2uydc9eMrb3ir7ZVIX+Vo=
-117,16,r85vViAO7LeyXXNGH/1qb3DqE9w=,YscbsI2uydc9eMrb3ir7ZVIX+Vo=
-121,18,r85vViAO7LeyXXNGH/1qb3DqE9w=,YscbsI2uydc9eMrb3ir7ZVIX+Vo=
-119,25,r85vViAO7LeyXXNGH/1qb3DqE9w=,YscbsI2uydc9eMrb3ir7ZVIX+Vo=
-121,25,r85vViAO7LeyXXNGH/1qb3DqE9w=,YscbsI2uydc9eMrb3ir7ZVIX+Vo=
-122,25,r85vViAO7LeyXXNGH/1qb3DqE9w=,YscbsI2uydc9eMrb3ir7ZVIX+Vo=
-123,25,r85vViAO7LeyXXNGH/1qb3DqE9w=,YscbsI2uydc9eMrb3ir7ZVIX+Vo=
-124,25,r85vViAO7LeyXXNGH/1qb3DqE9w=,YscbsI2uydc9eMrb3ir7ZVIX+Vo=
-125,25,r85vViAO7LeyXXNGH/1qb3DqE9w=,YscbsI2uydc9eMrb3ir7ZVIX+Vo=
-126,25,r85vViAO7LeyXXNGH/1qb3DqE9w=,YscbsI2uydc9eMrb3ir7ZVIX+Vo=
-127,25,r85vViAO7LeyXXNGH/1qb3DqE9w=,YscbsI2uydc9eMrb3ir7ZVIX+Vo=
-128,25,r85vViAO7LeyXXNGH/1qb3DqE9w=,YscbsI2uydc9eMrb3ir7ZVIX+Vo=
-113,24,r85vViAO7LeyXXNGH/1qb3DqE9w=,YscbsI2uydc9eMrb3ir7ZVIX+Vo=
-114,24,r85vViAO7LeyXXNGH/1qb3DqE9w=,YscbsI2uydc9eMrb3ir7ZVIX+Vo=
-115,24,r85vViAO7LeyXXNGH/1qb3DqE9w=,YscbsI2uydc9eMrb3ir7ZVIX+Vo=
-119,23,r85vViAO7LeyXXNGH/1qb3DqE9w=,YscbsI2uydc9eMrb3ir7ZVIX+Vo=
-120,25,r85vViAO7LeyXXNGH/1qb3DqE9w=,YscbsI2uydc9eMrb3ir7ZVIX+Vo=
-116,24,r85vViAO7LeyXXNGH/1qb3DqE9w=,YscbsI2uydc9eMrb3ir7ZVIX+Vo=
-118,23,r85vViAO7LeyXXNGH/1qb3DqE9w=,YscbsI2uydc9eMrb3ir7ZVIX+Vo=
-117,24,r85vViAO7LeyXXNGH/1qb3DqE9w=,YscbsI2uydc9eMrb3ir7ZVIX+Vo=
-118,24,r85vViAO7LeyXXNGH/1qb3DqE9w=,YscbsI2uydc9eMrb3ir7ZVIX+Vo=
-119,24,r85vViAO7LeyXXNGH/1qb3DqE9w=,YscbsI2uydc9eMrb3ir7ZVIX+Vo=
-120,24,r85vViAO7LeyXXNGH/1qb3DqE9w=,YscbsI2uydc9eMrb3ir7ZVIX+Vo=
-122,18,r85vViAO7LeyXXNGH/1qb3DqE9w=,YscbsI2uydc9eMrb3ir7ZVIX+Vo=
-121,24,r85vViAO7LeyXXNGH/1qb3DqE9w=,YscbsI2uydc9eMrb3ir7ZVIX+Vo=
-122,24,r85vViAO7LeyXXNGH/1qb3DqE9w=,YscbsI2uydc9eMrb3ir7ZVIX+Vo=
-123,24,r85vViAO7LeyXXNGH/1qb3DqE9w=,YscbsI2uydc9eMrb3ir7ZVIX+Vo=
-124,24,r85vViAO7LeyXXNGH/1qb3DqE9w=,YscbsI2uydc9eMrb3ir7ZVIX+Vo=
-125,24,r85vViAO7LeyXXNGH/1qb3DqE9w=,YscbsI2uydc9eMrb3ir7ZVIX+Vo=
-126,24,r85vViAO7LeyXXNGH/1qb3DqE9w=,YscbsI2uydc9eMrb3ir7ZVIX+Vo=
-127,24,r85vViAO7LeyXXNGH/1qb3DqE9w=,YscbsI2uydc9eMrb3ir7ZVIX+Vo=
-128,24,r85vViAO7LeyXXNGH/1qb3DqE9w=,YscbsI2uydc9eMrb3ir7ZVIX+Vo=
-114,23,r85vViAO7LeyXXNGH/1qb3DqE9w=,YscbsI2uydc9eMrb3ir7ZVIX+Vo=
-113,23,r85vViAO7LeyXXNGH/1qb3DqE9w=,YscbsI2uydc9eMrb3ir7ZVIX+Vo=
-115,23,r85vViAO7LeyXXNGH/1qb3DqE9w=,YscbsI2uydc9eMrb3ir7ZVIX+Vo=
-118,16,r85vViAO7LeyXXNGH/1qb3DqE9w=,YscbsI2uydc9eMrb3ir7ZVIX+Vo=
-116,23,r85vViAO7LeyXXNGH/1qb3DqE9w=,YscbsI2uydc9eMrb3ir7ZVIX+Vo=
-117,23,r85vViAO7LeyXXNGH/1qb3DqE9w=,YscbsI2uydc9eMrb3ir7ZVIX+Vo=
-116,30,r85vViAO7LeyXXNGH/1qb3DqE9w=,YscbsI2uydc9eMrb3ir7ZVIX+Vo=
